plot_id,tree_id,tree_sp,dbh,height,diameter_class,tree_Factor,SI_spp,SI_m,n_tree,species,Period,coord_x,coord_y,year,volsum,vol_spruce,vol_pine,vol_birch,vol_others,vol_ROS,vol_warm,management
C19941,90091155,3,50.0,41.80387386050502,5,40.0,1,11,40.0,spruce,0,0.5477518639585233,13.409350203568044,2015,0.13133074301175698,0.13133074301175698,0.0,0.0,0.0,0.0,0.0,none
C19941,90091155,3,64.0,56,5,40.0,1,11,38.71960938356546,spruce,1,0.5477518639585233,13.409350203568044,2020,0.4247473002864617,0.4247473002864617,0,0,0,0,0,none
C19941,90091155,3,78.0,68,5,40.0,1,11,37.44202748378341,spruce,2,0.5477518639585233,13.409350203568044,2025,0.7008780433373183,0.7008780433373183,0,0,0,0,0,none
C19941,90091155,3,93.0,79,5,40.0,1,11,36.19096157905054,spruce,3,0.5477518639585233,13.409350203568044,2030,1.076309082711021,1.076309082711021,0,0,0,0,0,none
C19941,90091155,3,108.0,89,10,40.0,1,11,34.936062848396645,spruce,4,0.5477518639585233,13.409350203568044,2035,1.5917448355697528,1.5917448355697528,0,0,0,0,0,none
C19941,90091155,3,123.0,99,10,40.0,1,11,33.67340262138002,spruce,5,0.5477518639585233,13.409350203568044,2040,2.1918328504415654,2.1918328504415654,0,0,0,0,0,none
C19941,90091155,3,138.0,108,10,40.0,1,11,32.42223199481011,spruce,6,0.5477518639585233,13.409350203568044,2045,2.787462717327919,2.787462717327919,0,0,0,0,0,none
C19941,90091155,3,153.0,117,15,40.0,1,11,0.0,spruce,7,0.5477518639585233,13.409350203568044,2050,0.0,0.0,0.0,0.0,0.0,0.0,0.0,clear cut
C19941,93236433,3,50.002,41.80666393689659,5,40.0,1,11,1426.6666666666665,spruce,1,19.15779060301004,10.663305699460341,2020,7.942372819531211,7.942372819531211,0,0,0,0,0,none
C19941,93236433,3,62.002,48,5,40.0,1,11,1367.8886761143317,spruce,2,19.15779060301004,10.663305699460341,2025,12.359883341414879,12.359883341414879,0,0,0,0,0,none
C19941,93236433,3,76.00200000000001,57,5,40.0,1,11,1309.7335018669348,spruce,3,19.15779060301004,10.663305699460341,2030,19.72291671442064,19.72291671442064,0,0,0,0,0,none
C19941,93236433,3,90.00200000000001,65,5,40.0,1,11,1251.9716055943968,spruce,4,19.15779060301004,10.663305699460341,2035,28.775933189338172,28.775933189338172,0,0,0,0,0,none
C19941,93236433,3,104.00200000000001,73,10,40.0,1,11,1194.549648143933,spruce,5,19.15779060301004,10.663305699460341,2040,41.017390376969516,41.017390376969516,0,0,0,0,0,none
C19941,93236433,3,119.00200000000001,81,10,40.0,1,11,1138.444725977077,spruce,6,19.15779060301004,10.663305699460341,2045,57.77941914225597,57.77941914225597,0,0,0,0,0,none
C19941,93236433,3,134.002,89,10,40.0,1,11,0.0,spruce,7,19.15779060301004,10.663305699460341,2050,0.0,0.0,0.0,0.0,0.0,0.0,0.0,clear cut
C19941,56192628,3,50.003,41.763404164479525,5,40.0,1,11,1426.6666666666665,spruce,1,13.730018553631673,16.692513437947458,2020,7.936137523833795,7.936137523833795,0,0,0,0,0,none
C19941,56192628,3,61.003,48,5,40.0,1,11,1365.5398216417357,spruce,2,13.730018553631673,16.692513437947458,2025,11.999631832041596,11.999631832041596,0,0,0,0,0,none
C19941,56192628,3,72.003,54,5,40.0,1,11,1303.356507028918,spruce,3,13.730018553631673,16.692513437947458,2030,16.975655148740543,16.975655148740543,0,0,0,0,0,none
C19941,56192628,3,83.003,61,5,40.0,1,11,1238.703829219903,spruce,4,13.730018553631673,16.692513437947458,2035,23.2183903525409,23.2183903525409,0,0,0,0,0,none
C19941,56192628,3,94.003,68,5,40.0,1,11,1172.0270149928235,spruce,5,13.730018553631673,16.692513437947458,2040,30.417539835037438,30.417539835037438,0,0,0,0,0,none
C19941,56192628,3,104.003,75,10,40.0,1,11,1104.5959755418303,spruce,6,13.730018553631673,16.692513437947458,2045,38.975287359083936,38.975287359083936,0,0,0,0,0,none
C19941,56192628,3,113.003,81,10,40.0,1,11,0.0,spruce,7,13.730018553631673,16.692513437947458,2050,0.0,0.0,0.0,0.0,0.0,0.0,0.0,clear cut
C19941,94444699,3,50.004,41.79867010422831,5,40.0,1,11,1426.6666666666665,spruce,1,2.0645201315528405,8.957870523518103,2020,7.9417116205488085,7.9417116205488085,0,0,0,0,0,none
C19941,94444699,3,61.004,48,5,40.0,1,11,1363.3609578611308,spruce,2,2.0645201315528405,8.957870523518103,2025,11.980822401650885,11.980822401650885,0,0,0,0,0,none
C19941,94444699,3,71.00399999999999,54,5,40.0,1,11,1298.8314096394483,spruce,3,2.0645201315528405,8.957870523518103,2030,16.51411563939596,16.51411563939596,0,0,0,0,0,none
C19941,94444699,3,80.00399999999999,60,5,40.0,1,11,1230.7322443037804,spruce,4,2.0645201315528405,8.957870523518103,2035,21.294348517671157,21.294348517671157,0,0,0,0,0,none
C19941,94444699,3,88.00399999999999,65,5,40.0,1,11,1158.71802644598,spruce,5,2.0645201315528405,8.957870523518103,2040,25.617099485704557,25.617099485704557,0,0,0,0,0,none
C19941,94444699,3,95.00399999999999,70,5,40.0,1,11,1083.8532889744056,spruce,6,2.0645201315528405,8.957870523518103,2045,29.520059181148596,29.520059181148596,0,0,0,0,0,none
C19941,94444699,3,100.00399999999999,75,10,40.0,1,11,0.0,spruce,7,2.0645201315528405,8.957870523518103,2050,0.0,0.0,0.0,0.0,0.0,0.0,0.0,clear cut
C19941,47486162,3,50.005,41.809762040607765,5,40.0,1,11,626.6666666666666,spruce,2,13.888003154554902,8.283585390538054,2025,3.489266840098397,3.489266840098397,0,0,0,0,0,none
C19941,47486162,3,57.005,45,5,40.0,1,11,590.2500850692804,spruce,3,13.888003154554902,8.283585390538054,2030,4.365808548838971,4.365808548838971,0,0,0,0,0,none
C19941,47486162,3,62.005,48,5,40.0,1,11,550.9202546920901,spruce,4,13.888003154554902,8.283585390538054,2035,4.978383597938402,4.978383597938402,0,0,0,0,0,none
C19941,47486162,3,66.005,51,5,40.0,1,11,508.0932081482821,spruce,5,13.888003154554902,8.283585390538054,2040,5.400638339272867,5.400638339272867,0,0,0,0,0,none
C19941,47486162,3,68.005,54,5,40.0,1,11,462.6898246657321,spruce,6,13.888003154554902,8.283585390538054,2045,5.459562028872629,5.459562028872629,0,0,0,0,0,none
C19941,47486162,3,69.005,57,5,40.0,1,11,416.26948689182217,spruce,7,13.888003154554902,8.283585390538054,2050,5.299272911564687,5.299272911564687,0,0,0,0,0,clear cut
C19941,47486162,3,82.005,64,5,40.0,1,11,400.8528643976703,spruce,8,13.888003154554902,8.283585390538054,2055,7.717430849484468,7.717430849484468,0,0,0,0,0,none
C19941,47486162,3,95.005,70,5,40.0,1,11,385.36947107962385,spruce,9,13.888003154554902,8.283585390538054,2060,10.4961968338088,10.4961968338088,0,0,0,0,0,none
C19941,47486162,3,108.005,76,10,40.0,1,11,369.7830473176671,spruce,10,13.888003154554902,8.283585390538054,2065,14.418901925436856,14.418901925436856,0,0,0,0,0,none
C19941,47486162,3,122.005,81,10,40.0,1,11,352.7959488802409,spruce,11,13.888003154554902,8.283585390538054,2070,18.796212180946423,18.796212180946423,0,0,0,0,0,none
C19941,47486162,3,137.005,86,10,40.0,1,11,337.2072427849154,spruce,12,13.888003154554902,8.283585390538054,2075,23.10051062785348,23.10051062785348,0,0,0,0,0,none
C19941,47486162,3,152.005,91,15,40.0,1,11,323.35900268232103,spruce,13,13.888003154554902,8.283585390538054,2080,27.437301181329957,27.437301181329957,0,0,0,0,0,none
C19941,47486162,3,167.005,96,15,40.0,1,11,311.24604640843563,spruce,14,13.888003154554902,8.283585390538054,2085,32.246415038518656,32.246415038518656,0,0,0,0,0,none
C19941,47486162,3,182.005,100,15,40.0,1,11,300.6753785758134,spruce,15,13.888003154554902,8.283585390538054,2090,37.15727212431425,37.15727212431425,0,0,0,0,0,none
C19941,47486162,3,198.005,104,15,40.0,1,11,291.4658824102299,spruce,16,13.888003154554902,8.283585390538054,2095,42.832079070352144,42.832079070352144,0,0,0,0,0,none
C19941,47486162,3,214.005,108,20,40.0,1,11,283.42567010638817,spruce,17,13.888003154554902,8.283585390538054,2100,49.002659505707136,49.002659505707136,0,0,0,0,0,none
C19941,47486162,3,230.005,112,20,40.0,1,11,276.3032382867598,spruce,18,13.888003154554902,8.283585390538054,2105,55.681750819721174,55.681750819721174,0,0,0,0,0,none
C19941,47486162,3,246.005,116,20,40.0,1,11,269.86431662565093,spruce,19,13.888003154554902,8.283585390538054,2110,62.86964234844942,62.86964234844942,0,0,0,0,0,none
C19941,47486162,3,261.005,119,25,40.0,1,11,263.94190125855135,spruce,20,13.888003154554902,8.283585390538054,2115,69.446639694615,69.446639694615,0,0,0,0,0,none
C19941,47486162,3,276.005,122,25,40.0,1,11,258.38019592614427,spruce,21,13.888003154554902,8.283585390538054,2120,76.35432277599678,76.35432277599678,0,0,0,0,0,none
C19941,47486162,3,291.005,125,25,40.0,1,11,253.07935313555487,spruce,22,13.888003154554902,8.283585390538054,2125,83.57630251583377,83.57630251583377,0,0,0,0,0,none
C19941,47486162,3,306.005,128,30,40.0,1,11,247.93142011106903,spruce,23,13.888003154554902,8.283585390538054,2130,91.08179677006507,91.08179677006507,0,0,0,0,0,none
C19941,47486162,3,320.005,131,30,40.0,1,11,242.8543941026924,spruce,24,13.888003154554902,8.283585390538054,2135,98.36198557224655,98.36198557224655,0,0,0,0,0,none
C19941,47486162,3,334.005,134,30,40.0,1,11,237.80333994674857,spruce,25,13.888003154554902,8.283585390538054,2140,105.82858627301601,105.82858627301601,0,0,0,0,0,none
C19941,47486162,3,348.005,137,30,40.0,1,11,232.70868390770997,spruce,26,13.888003154554902,8.283585390538054,2145,113.43095999743124,113.43095999743124,0,0,0,0,0,none
C19941,47486162,3,361.005,140,35,40.0,1,11,227.5238768692459,spruce,27,13.888003154554902,8.283585390538054,2150,120.60164339177442,120.60164339177442,0,0,0,0,0,none
C19941,47486162,3,374.005,143,35,40.0,1,11,222.21073235322,spruce,28,13.888003154554902,8.283585390538054,2155,127.77365796028671,127.77365796028671,0,0,0,0,0,none
C19941,47486162,3,386.005,146,35,40.0,1,11,216.7358200047253,spruce,29,13.888003154554902,8.283585390538054,2160,134.34699328173943,134.34699328173943,0,0,0,0,0,none
C19941,47486162,3,398.005,149,35,40.0,1,11,211.07668103155964,spruce,30,13.888003154554902,8.283585390538054,2165,140.77590974046777,140.77590974046777,0,0,0,0,0,none
C19941,47486162,3,409.005,152,40,40.0,1,11,205.20566367729754,spruce,31,13.888003154554902,8.283585390538054,2170,146.43389880993522,146.43389880993522,0,0,0,0,0,none
C19941,47486162,3,420.005,154,40,40.0,1,11,199.1260241032286,spruce,32,13.888003154554902,8.283585390538054,2175,150.54810024656518,150.54810024656518,0,0,0,0,0,none
C19941,47486162,3,430.005,156,40,40.0,1,11,192.79071028077226,spruce,33,13.888003154554902,8.283585390538054,2180,153.68642372497322,153.68642372497322,0,0,0,0,0,none
C19941,47486162,3,440.005,158,40,40.0,1,11,186.2531154306221,spruce,34,13.888003154554902,8.283585390538054,2185,156.39392555615765,156.39392555615765,0,0,0,0,0,none
C19941,47486162,3,449.005,160,40,40.0,1,11,0.0,spruce,35,13.888003154554902,8.283585390538054,2190,0.0,0.0,0.0,0.0,0.0,0.0,0.0,clear cut
C19941,46325692,3,50.006,41.80348260997888,5,40.0,1,11,626.6666666666666,spruce,2,13.275892904395777,10.297782241166171,2025,3.4889708400325943,3.4889708400325943,0,0,0,0,0,none
C19941,46325692,3,57.006,45,5,40.0,1,11,589.9582676854102,spruce,3,13.275892904395777,10.297782241166171,2030,4.36378066109676,4.36378066109676,0,0,0,0,0,none
C19941,46325692,3,62.006,48,5,40.0,1,11,550.4705806330378,spruce,4,13.275892904395777,10.297782241166171,2035,4.974457567266997,4.974457567266997,0,0,0,0,0,none
C19941,46325692,3,66.006,51,5,40.0,1,11,507.5878534649924,spruce,5,13.275892904395777,10.297782241166171,2040,5.3954075789666875,5.3954075789666875,0,0,0,0,0,none
C19941,46325692,3,68.006,54,5,40.0,1,11,462.303961647422,spruce,6,13.275892904395777,10.297782241166171,2045,5.455148241733162,5.455148241733162,0,0,0,0,0,none
C19941,46325692,3,69.006,57,5,40.0,1,11,416.08187588400165,spruce,7,13.275892904395777,10.297782241166171,2050,5.297019019365586,5.297019019365586,0,0,0,0,0,clear cut
C19941,46325692,3,82.006,64,5,40.0,1,11,400.4142567352695,spruce,8,13.275892904395777,10.297782241166171,2055,7.709150476254048,7.709150476254048,0,0,0,0,0,none
C19941,46325692,3,95.006,70,5,40.0,1,11,384.6640434972078,spruce,9,13.275892904395777,10.297782241166171,2060,10.477174742321662,10.477174742321662,0,0,0,0,0,none
C19941,46325692,3,108.006,76,10,40.0,1,11,368.8019239565419,spruce,10,13.275892904395777,10.297782241166171,2065,14.38094311803253,14.38094311803253,0,0,0,0,0,none
C19941,46325692,3,121.006,81,10,40.0,1,11,351.4895887377628,spruce,11,13.275892904395777,10.297782241166171,2070,18.43137604080632,18.43137604080632,0,0,0,0,0,none
C19941,46325692,3,134.006,86,10,40.0,1,11,335.38017687949866,spruce,12,13.275892904395777,10.297782241166171,2075,22.20559379041915,22.20559379041915,0,0,0,0,0,none
C19941,46325692,3,147.006,91,10,40.0,1,11,320.77007211354857,spruce,13,13.275892904395777,10.297782241166171,2080,25.845676114303735,25.845676114303735,0,0,0,0,0,none
C19941,46325692,3,160.006,95,15,40.0,1,11,307.77629421302817,spruce,14,13.275892904395777,10.297782241166171,2085,29.520845269099755,29.520845269099755,0,0,0,0,0,none
C19941,46325692,3,173.006,99,15,40.0,1,11,296.2908675274993,spruce,15,13.275892904395777,10.297782241166171,2090,33.488705625674314,33.488705625674314,0,0,0,0,0,none
C19941,46325692,3,185.006,103,15,40.0,1,11,286.16475669391355,spruce,16,13.275892904395777,10.297782241166171,2095,37.45719237123802,37.45719237123802,0,0,0,0,0,none
C19941,46325692,3,197.006,107,15,40.0,1,11,277.13748304906784,spruce,17,13.275892904395777,10.297782241166171,2100,41.71704056729374,41.71704056729374,0,0,0,0,0,none
C19941,46325692,3,209.006,111,20,40.0,1,11,269.0317213353643,spruce,18,13.275892904395777,10.297782241166171,2105,46.27581931399413,46.27581931399413,0,0,0,0,0,none
C19941,46325692,3,220.006,114,20,40.0,1,11,261.6578911012609,spruce,19,13.275892904395777,10.297782241166171,2110,50.25872545410537,50.25872545410537,0,0,0,0,0,none
C19941,46325692,3,231.006,117,20,40.0,1,11,254.86477599814359,spruce,20,13.275892904395777,10.297782241166171,2115,54.43020416716305,54.43020416716305,0,0,0,0,0,none
C19941,46325692,3,241.006,120,20,40.0,1,11,248.53105849683843,spruce,21,13.275892904395777,10.297782241166171,2120,58.40601308282215,58.40601308282215,0,0,0,0,0,none
C19941,46325692,3,251.006,123,25,40.0,1,11,242.54989508251404,spruce,22,13.275892904395777,10.297782241166171,2125,62.52718135404641,62.52718135404641,0,0,0,0,0,none
C19941,46325692,3,260.006,126,25,40.0,1,11,236.8399241757962,spruce,23,13.275892904395777,10.297782241166171,2130,66.38470927983171,66.38470927983171,0,0,0,0,0,none
C19941,46325692,3,269.006,129,25,40.0,1,11,231.34947796911507,spruce,24,13.275892904395777,10.297782241166171,2135,70.34327343464787,70.34327343464787,0,0,0,0,0,none
C19941,46325692,3,277.006,132,25,40.0,1,11,226.04900372966188,spruce,25,13.275892904395777,10.297782241166171,2140,73.98215860698872,73.98215860698872,0,0,0,0,0,none
C19941,46325692,3,284.006,135,25,40.0,1,11,220.8857529808598,spruce,26,13.275892904395777,10.297782241166171,2145,77.2583383837994,77.2583383837994,0,0,0,0,0,none
C19941,46325692,3,291.006,138,25,40.0,1,11,215.8614035467713,spruce,27,13.275892904395777,10.297782241166171,2150,80.57579866432793,80.57579866432793,0,0,0,0,0,none
C19941,46325692,3,297.006,141,25,40.0,1,11,210.94650864346818,spruce,28,13.275892904395777,10.297782241166171,2155,83.48675663468951,83.48675663468951,0,0,0,0,0,none
C19941,46325692,3,303.006,144,30,40.0,1,11,206.15874157612728,spruce,29,13.275892904395777,10.297782241166171,2160,86.41767024664561,86.41767024664561,0,0,0,0,0,none
C19941,46325692,3,308.006,147,30,40.0,1,11,201.47386694692665,spruce,30,13.275892904395777,10.297782241166171,2165,88.91034240831065,88.91034240831065,0,0,0,0,0,none
C19941,46325692,3,313.006,149,30,40.0,1,11,196.91512192775292,spruce,31,13.275892904395777,10.297782241166171,2170,90.63383757705606,90.63383757705606,0,0,0,0,0,none
C19941,46325692,3,318.006,151,30,40.0,1,11,192.4680467902615,spruce,32,13.275892904395777,10.297782241166171,2175,92.34173794983585,92.34173794983585,0,0,0,0,0,none
C19941,46325692,3,322.006,153,30,40.0,1,11,188.13853177308843,spruce,33,13.275892904395777,10.297782241166171,2180,93.58796154510203,93.58796154510203,0,0,0,0,0,none
C19941,46325692,3,326.006,155,30,40.0,1,11,183.93446296848649,spruce,34,13.275892904395777,10.297782241166171,2185,94.82640788836657,94.82640788836657,0,0,0,0,0,none
C19941,46325692,3,330.006,157,30,40.0,1,11,70.60528253868863,spruce,35,13.275892904395777,10.297782241166171,2190,37.70962486669039,37.70962486669039,0,0,0,0,0,clear cut
C19941,46325692,3,345.006,159,30,40.0,1,11,70.28415228487579,spruce,36,13.275892904395777,10.297782241166171,2195,40.86869852434759,40.86869852434759,0,0,0,0,0,none
C19941,46325692,3,359.006,161,35,40.0,1,11,69.8405461776138,spruce,37,13.275892904395777,10.297782241166171,2200,43.88680727785379,43.88680727785379,0,0,0,0,0,none
C19941,46325692,3,373.006,163,35,40.0,1,11,69.27811936381974,spruce,38,13.275892904395777,10.297782241166171,2205,46.926028534758636,46.926028534758636,0,0,0,0,0,none
C19941,46325692,3,386.006,165,35,40.0,1,11,68.4855923314378,spruce,39,13.275892904395777,10.297782241166171,2210,49.688357145224636,49.688357145224636,0,0,0,0,0,none
C19941,46325692,3,398.006,167,35,40.0,1,11,67.5159342234818,spruce,40,13.275892904395777,10.297782241166171,2215,52.16591572894272,52.16591572894272,0,0,0,0,0,none
C19941,71678745,3,50.007,41.77390043901955,5,40.0,1,11,626.6666666666666,spruce,2,18.06803830575767,2.7494940829247505,2025,3.4871351517796194,3.4871351517796194,0,0,0,0,0,none
C19941,71678745,3,57.007,45,5,40.0,1,11,589.6650532834732,spruce,3,18.06803830575767,2.7494940829247505,2030,4.361742311759101,4.361742311759101,0,0,0,0,0,none
C19941,71678745,3,62.007,48,5,40.0,1,11,550.0197345210958,spruce,4,18.06803830575767,2.7494940829247505,2035,4.970520721486968,4.970520721486968,0,0,0,0,0,none
C19941,71678745,3,66.007,51,5,40.0,1,11,507.08184471065283,spruce,5,18.06803830575767,2.7494940829247505,2040,5.390169586969961,5.390169586969961,0,0,0,0,0,none
C19941,71678745,3,68.007,54,5,40.0,1,11,461.91683393768506,spruce,6,18.06803830575767,2.7494940829247505,2045,5.450719299710561,5.450719299710561,0,0,0,0,0,none
C19941,71678745,3,69.007,57,5,40.0,1,11,415.8914844491456,spruce,7,18.06803830575767,2.7494940829247505,2050,5.294729609324081,5.294729609324081,0,0,0,0,0,clear cut
C19941,71678745,3,82.007,63,5,40.0,1,11,399.9698220554449,spruce,8,18.06803830575767,2.7494940829247505,2055,7.5811263136978715,7.5811263136978715,0,0,0,0,0,none
C19941,71678745,3,95.007,69,5,40.0,1,11,383.94992883837534,spruce,9,18.06803830575767,2.7494940829247505,2060,10.303642128315857,10.303642128315857,0,0,0,0,0,none
C19941,71678745,3,107.007,74,10,40.0,1,11,367.8098134642404,spruce,10,18.06803830575767,2.7494940829247505,2065,13.68215428327246,13.68215428327246,0,0,0,0,0,none
C19941,71678745,3,119.007,79,10,40.0,1,11,349.98376573370297,spruce,11,18.06803830575767,2.7494940829247505,2070,17.361016865592845,17.361016865592845,0,0,0,0,0,none
C19941,71678745,3,131.007,84,10,40.0,1,11,333.22736304542514,spruce,12,18.06803830575767,2.7494940829247505,2075,20.86282490558704,20.86282490558704,0,0,0,0,0,none
C19941,71678745,3,142.007,88,10,40.0,1,11,317.9053605069785,spruce,13,18.06803830575767,2.7494940829247505,2080,23.51298837069288,23.51298837069288,0,0,0,0,0,none
C19941,71678745,3,153.007,92,15,40.0,1,11,304.04620022782905,spruce,14,18.06803830575767,2.7494940829247505,2085,26.345461282318443,26.345461282318443,0,0,0,0,0,none
C19941,71678745,3,163.007,96,15,40.0,1,11,291.62986046428637,spruce,15,18.06803830575767,2.7494940829247505,2090,29.10125780133142,29.10125780133142,0,0,0,0,0,none
C19941,71678745,3,173.007,100,15,40.0,1,11,280.4960790655801,spruce,16,18.06803830575767,2.7494940829247505,2095,32.04448515294506,32.04448515294506,0,0,0,0,0,none
C19941,71678745,3,182.007,103,15,40.0,1,11,270.50396805935696,spruce,17,18.06803830575767,2.7494940829247505,2100,34.51996861800353,34.51996861800353,0,0,0,0,0,none
C19941,71678745,3,190.007,106,15,40.0,1,11,261.4241564762002,spruce,18,18.06803830575767,2.7494940829247505,2105,36.81355930377812,36.81355930377812,0,0,0,0,0,none
C19941,71678745,3,198.007,109,15,40.0,1,11,253.05966458400914,spruce,19,18.06803830575767,2.7494940829247505,2110,39.202715638963284,39.202715638963284,0,0,0,0,0,none
C19941,71678745,3,205.007,112,20,40.0,1,11,245.3220511849731,spruce,20,18.06803830575767,2.7494940829247505,2115,41.37266198487677,41.37266198487677,0,0,0,0,0,none
C19941,71678745,3,211.007,115,20,40.0,1,11,238.07680600687905,spruce,21,18.06803830575767,2.7494940829247505,2120,43.29333743852785,43.29333743852785,0,0,0,0,0,none
C19941,71678745,3,217.007,118,20,40.0,1,11,231.20625733685543,spruce,22,18.06803830575767,2.7494940829247505,2125,45.258808787552326,45.258808787552326,0,0,0,0,0,none
C19941,71678745,3,222.007,121,20,40.0,1,11,224.66656276929555,spruce,23,18.06803830575767,2.7494940829247505,2130,46.93480109677318,46.93480109677318,0,0,0,0,0,none
C19941,71678745,3,226.007,124,20,40.0,1,11,218.3895485143956,spruce,24,18.06803830575767,2.7494940829247505,2135,48.29635107992462,48.29635107992462,0,0,0,0,0,none
C19941,71678745,3,230.007,127,20,40.0,1,11,212.34755617587209,spruce,25,18.06803830575767,2.7494940829247505,2140,49.66509667794235,49.66509667794235,0,0,0,0,0,none
C19941,71678745,3,233.007,130,20,40.0,1,11,206.51677658551944,spruce,26,18.06803830575767,2.7494940829247505,2145,50.696233013106,50.696233013106,0,0,0,0,0,none
C19941,71678745,3,236.007,133,20,40.0,1,11,200.8772541366907,spruce,27,18.06803830575767,2.7494940829247505,2150,51.72076948393762,51.72076948393762,0,0,0,0,0,none
C19941,71678745,3,238.007,135,20,40.0,1,11,195.42392746321894,spruce,28,18.06803830575767,2.7494940829247505,2155,51.92266910841575,51.92266910841575,0,0,0,0,0,none
C19941,71678745,3,240.007,137,20,40.0,1,11,190.14956231349487,spruce,29,18.06803830575767,2.7494940829247505,2160,52.11838335848185,52.11838335848185,0,0,0,0,0,none
C19941,71678745,3,241.007,139,20,40.0,1,11,185.05040457019172,spruce,30,18.06803830575767,2.7494940829247505,2165,51.96987166138763,51.96987166138763,0,0,0,0,0,none
C19941,71678745,3,242.007,141,20,40.0,1,11,180.12134587581713,spruce,31,18.06803830575767,2.7494940829247505,2170,51.82025044932112,51.82025044932112,0,0,0,0,0,none
C19941,71678745,3,243.007,143,20,40.0,1,11,175.35171728505802,spruce,32,18.06803830575767,2.7494940829247505,2175,51.66848685109727,51.66848685109727,0,0,0,0,0,none
C19941,71678745,3,244.007,145,20,40.0,1,11,170.7648783212086,spruce,33,18.06803830575767,2.7494940829247505,2180,51.523603722608236,51.523603722608236,0,0,0,0,0,none
C19941,71678745,3,244.007,147,20,40.0,1,11,166.35513639950295,spruce,34,18.06803830575767,2.7494940829247505,2185,51.05618598990944,51.05618598990944,0,0,0,0,0,none
C19941,71678745,3,244.007,149,20,40.0,1,11,0.0,spruce,35,18.06803830575767,2.7494940829247505,2190,0.0,0.0,0.0,0.0,0.0,0.0,0.0,clear cut
C19941,05186149,3,50.008,41.794947266684304,5,40.0,1,11,533.3333333333334,spruce,3,8.561823797425898,19.29680094296771,2030,2.9690591525141707,2.9690591525141707,0,0,0,0,0,none
C19941,05186149,3,54.008,44,5,40.0,1,11,493.21710094215865,spruce,4,8.561823797425898,19.29680094296771,2035,3.2642696321554117,3.2642696321554117,0,0,0,0,0,none
C19941,05186149,3,56.008,46,5,40.0,1,11,449.73647636241276,spruce,5,8.561823797425898,19.29680094296771,2040,3.2885156979494696,3.2885156979494696,0,0,0,0,0,none
C19941,05186149,3,56.008,48,5,40.0,1,11,403.4784599067258,spruce,6,8.561823797425898,19.29680094296771,2045,3.0586202978686385,3.0586202978686385,0,0,0,0,0,none
C19941,05186149,3,55.008,50,5,40.0,1,11,355.91556851598085,spruce,7,8.561823797425898,19.29680094296771,2050,2.7053125623820367,2.7053125623820367,0,0,0,0,0,clear cut
C19941,05186149,3,66.00800000000001,55,5,40.0,1,11,338.74617614879674,spruce,8,8.561823797425898,19.29680094296771,2055,3.8596172835277147,3.8596172835277147,0,0,0,0,0,none
C19941,05186149,3,76.00800000000001,59,5,40.0,1,11,321.30758020670123,spruce,9,8.561823797425898,19.29680094296771,2060,5.003593851373594,5.003593851373594,0,0,0,0,0,none
C19941,05186149,3,86.00800000000001,63,5,40.0,1,11,303.4401551132767,spruce,10,8.561823797425898,19.29680094296771,2065,6.247000982172603,6.247000982172603,0,0,0,0,0,none
C19941,05186149,3,95.00800000000001,67,5,40.0,1,11,283.76742985076794,spruce,11,8.561823797425898,19.29680094296771,2070,7.3877468024937,7.3877468024937,0,0,0,0,0,none
C19941,05186149,3,103.00800000000001,71,10,40.0,1,11,265.1461827051929,spruce,12,8.561823797425898,19.29680094296771,2075,8.64972756028537,8.64972756028537,0,0,0,0,0,none
C19941,05186149,3,110.00800000000001,74,10,40.0,1,11,247.89976764794153,spruce,13,8.561823797425898,19.29680094296771,2080,9.813030915065172,9.813030915065172,0,0,0,0,0,none
C19941,05186149,3,117.00800000000001,77,10,40.0,1,11,232.12997747136995,spruce,14,8.561823797425898,19.29680094296771,2085,10.870163896523385,10.870163896523385,0,0,0,0,0,none
C19941,05186149,3,123.00800000000001,80,10,40.0,1,11,217.9479238561827,spruce,15,8.561823797425898,19.29680094296771,2090,11.664266432566126,11.664266432566126,0,0,0,0,0,none
C19941,05186149,3,128.008,83,10,40.0,1,11,205.18109763399147,spruce,16,8.561823797425898,19.29680094296771,2095,12.228434881268123,12.228434881268123,0,0,0,0,0,none
C19941,05186149,3,132.008,86,10,40.0,1,11,193.62041957052065,spruce,17,8.561823797425898,19.29680094296771,2100,12.52564814931492,12.52564814931492,0,0,0,0,0,none
C19941,05186149,3,135.008,89,10,40.0,1,11,183.04280444877003,spruce,18,8.561823797425898,19.29680094296771,2105,12.65004293630064,12.65004293630064,0,0,0,0,0,none
C19941,05186149,3,138.008,92,10,40.0,1,11,173.22104866919773,spruce,19,8.561823797425898,19.29680094296771,2110,12.778419050360759,12.778419050360759,0,0,0,0,0,none
C19941,05186149,3,140.008,94,10,40.0,1,11,164.12021866685373,spruce,20,8.561823797425898,19.29680094296771,2115,12.63949816631147,12.63949816631147,0,0,0,0,0,none
C19941,05186149,3,141.008,96,10,40.0,1,11,155.58408999632383,spruce,21,8.561823797425898,19.29680094296771,2120,12.364581232083177,12.364581232083177,0,0,0,0,0,none
C19941,05186149,3,141.008,98,10,40.0,1,11,147.45154211397508,spruce,22,8.561823797425898,19.29680094296771,2125,11.953133902401184,11.953133902401184,0,0,0,0,0,none
C19941,05186149,3,141.008,100,10,40.0,1,11,139.63617310135493,spruce,23,8.561823797425898,19.29680094296771,2130,11.542842353669611,11.542842353669611,0,0,0,0,0,none
C19941,05186149,3,140.008,102,10,40.0,1,11,132.132026327696,spruce,24,8.561823797425898,19.29680094296771,2135,11.006255087438277,11.006255087438277,0,0,0,0,0,none
C19941,05186149,3,139.008,104,10,40.0,1,11,124.87174087181198,spruce,25,8.561823797425898,19.29680094296771,2140,10.475327733792106,10.475327733792106,0,0,0,0,0,none
C19941,05186149,3,137.008,106,10,40.0,1,11,117.86279235552907,spruce,26,8.561823797425898,19.29680094296771,2145,9.832389761885704,9.832389761885704,0,0,0,0,0,none
C19941,05186149,3,135.008,108,10,40.0,1,11,111.04344870916977,spruce,27,8.561823797425898,19.29680094296771,2150,9.202020111994917,9.202020111994917,0,0,0,0,0,none
C19941,05186149,3,132.008,110,10,40.0,1,11,104.43949886258726,spruce,28,8.561823797425898,19.29680094296771,2155,8.477742530592405,8.477742530592405,0,0,0,0,0,none
C19941,05186149,3,129.008,112,10,40.0,1,11,98.0022046692666,spruce,29,8.561823797425898,19.29680094296771,2160,7.78676820645844,7.78676820645844,0,0,0,0,0,none
C19941,05186149,3,126.00800000000001,113,10,40.0,1,11,91.75655927923424,spruce,30,8.561823797425898,19.29680094296771,2165,7.062051204684569,7.062051204684569,0,0,0,0,0,none
C19941,05186149,3,122.00800000000001,114,10,40.0,1,11,85.72380737600491,spruce,31,8.561823797425898,19.29680094296771,2170,6.290151283223026,6.290151283223026,0,0,0,0,0,none
C19941,05186149,3,118.00800000000001,115,10,40.0,1,11,79.83578343479444,spruce,32,8.561823797425898,19.29680094296771,2175,5.56744857408762,5.56744857408762,0,0,0,0,0,none
C19941,05186149,3,114.00800000000001,116,10,40.0,1,11,74.13722989911987,spruce,33,8.561823797425898,19.29680094296771,2180,4.896242778701697,4.896242778701697,0,0,0,0,0,none
C19941,05186149,3,110.00800000000001,117,10,40.0,1,11,68.64701826353756,spruce,34,8.561823797425898,19.29680094296771,2185,4.276506730432536,4.276506730432536,0,0,0,0,0,none
C19941,05186149,3,106.00800000000001,118,10,40.0,1,11,0.0,spruce,35,8.561823797425898,19.29680094296771,2190,0.0,0.0,0.0,0.0,0.0,0.0,0.0,clear cut
C19941,42005521,3,50.009,41.7491972745281,5,40.0,1,11,533.3333333333334,spruce,3,2.2949194590675037,18.989785174141424,2030,2.966587190501874,2.966587190501874,0,0,0,0,0,none
C19941,42005521,3,54.009,44,5,40.0,1,11,493.123495187038,spruce,4,2.2949194590675037,18.989785174141424,2035,3.2637533743533607,3.2637533743533607,0,0,0,0,0,none
C19941,42005521,3,56.009,46,5,40.0,1,11,449.67849582839466,spruce,5,2.2949194590675037,18.989785174141424,2040,3.2881927705049767,3.2881927705049767,0,0,0,0,0,none
C19941,42005521,3,57.009,48,5,40.0,1,11,403.5725728695635,spruce,6,2.2949194590675037,18.989785174141424,2045,3.1550768264852596,3.1550768264852596,0,0,0,0,0,none
C19941,42005521,3,57.009,50,5,40.0,1,11,356.87137085112397,spruce,7,2.2949194590675037,18.989785174141424,2050,2.889059065461267,2.889059065461267,0,0,0,0,0,clear cut
C19941,42005521,3,68.009,55,5,40.0,1,11,340.0319784059742,spruce,8,2.2949194590675037,18.989785174141424,2055,4.081757932815212,4.081757932815212,0,0,0,0,0,none
C19941,42005521,3,78.009,59,5,40.0,1,11,322.89276674040724,spruce,9,2.2949194590675037,18.989785174141424,2060,5.260192327699221,5.260192327699221,0,0,0,0,0,none
C19941,42005521,3,88.009,63,5,40.0,1,11,305.2860330143322,spruce,10,2.2949194590675037,18.989785174141424,2065,6.539883527682463,6.539883527682463,0,0,0,0,0,none
C19941,42005521,3,97.009,67,5,40.0,1,11,285.88269363085476,spruce,11,2.2949194590675037,18.989785174141424,2070,7.715473381393469,7.715473381393469,0,0,0,0,0,none
C19941,42005521,3,105.009,71,10,40.0,1,11,267.4982525509088,spruce,12,2.2949194590675037,18.989785174141424,2075,9.141483220370228,9.141483220370228,0,0,0,0,0,none
C19941,42005521,3,112.009,74,10,40.0,1,11,250.45628366060495,spruce,13,2.2949194590675037,18.989785174141424,2080,10.312635121209604,10.312635121209604,0,0,0,0,0,none
C19941,42005521,3,119.009,77,10,40.0,1,11,234.8415834271196,spruce,14,2.2949194590675037,18.989785174141424,2085,11.379931580699495,11.379931580699495,0,0,0,0,0,none
C19941,42005521,3,125.009,80,10,40.0,1,11,220.78753779674855,spruce,15,2.2949194590675037,18.989785174141424,2090,12.18480235879949,12.18480235879949,0,0,0,0,0,none
C19941,42005521,3,130.00900000000001,83,10,40.0,1,11,208.12660357087364,spruce,16,2.2949194590675037,18.989785174141424,2095,12.743105702768283,12.743105702768283,0,0,0,0,0,none
C19941,42005521,3,134.00900000000001,86,10,40.0,1,11,196.65417248909927,spruce,17,2.2949194590675037,18.989785174141424,2100,13.020964761762064,13.020964761762064,0,0,0,0,0,none
C19941,42005521,3,138.00900000000001,89,10,40.0,1,11,186.15097624944502,spruce,18,2.2949194590675037,18.989785174141424,2105,13.313179988559959,13.313179988559959,0,0,0,0,0,none
C19941,42005521,3,142.00900000000001,92,10,40.0,1,11,176.4854128811563,spruce,19,2.2949194590675037,18.989785174141424,2110,13.616735137257985,13.616735137257985,0,0,0,0,0,none
C19941,42005521,3,145.00900000000001,95,10,40.0,1,11,167.61027807764438,spruce,20,2.2949194590675037,18.989785174141424,2115,13.78388102129478,13.78388102129478,0,0,0,0,0,none
C19941,42005521,3,147.00900000000001,97,10,40.0,1,11,159.35496331825672,spruce,21,2.2949194590675037,18.989785174141424,2120,13.667883726492258,13.667883726492258,0,0,0,0,0,none
C19941,42005521,3,148.00900000000001,99,10,40.0,1,11,151.55068805016415,spruce,22,2.2949194590675037,18.989785174141424,2125,13.407229454888068,13.407229454888068,0,0,0,0,0,none
C19941,42005521,3,149.00900000000001,101,10,40.0,1,11,144.09841977439075,spruce,23,2.2949194590675037,18.989785174141424,2130,13.145369020026857,13.145369020026857,0,0,0,0,0,none
C19941,42005521,3,149.00900000000001,103,10,40.0,1,11,136.98994472669682,spruce,24,2.2949194590675037,18.989785174141424,2135,12.745259346669018,12.745259346669018,0,0,0,0,0,none
C19941,42005521,3,149.00900000000001,105,10,40.0,1,11,130.15012600202343,spruce,25,2.2949194590675037,18.989785174141424,2140,12.345904852445297,12.345904852445297,0,0,0,0,0,none
C19941,42005521,3,148.00900000000001,107,10,40.0,1,11,123.58419876998416,spruce,26,2.2949194590675037,18.989785174141424,2145,11.818518637314044,11.818518637314044,0,0,0,0,0,none
C19941,42005521,3,147.00900000000001,109,10,40.0,1,11,117.22625657195914,spruce,27,2.2949194590675037,18.989785174141424,2150,11.296077268776829,11.296077268776829,0,0,0,0,0,none
C19941,42005521,3,145.00900000000001,111,10,40.0,1,11,111.09852072680766,spruce,28,2.2949194590675037,18.989785174141424,2155,10.659523375412357,10.659523375412357,0,0,0,0,0,none
C19941,42005521,3,143.00900000000001,113,10,40.0,1,11,105.14987824847086,spruce,29,2.2949194590675037,18.989785174141424,2160,10.035811077252367,10.035811077252367,0,0,0,0,0,none
C19941,42005521,3,140.00900000000001,115,10,40.0,1,11,99.3980502491479,spruce,30,2.2949194590675037,18.989785174141424,2165,9.314374995485318,9.314374995485318,0,0,0,0,0,none
C19941,42005521,3,137.00900000000001,117,10,40.0,1,11,93.80206551328997,spruce,31,2.2949194590675037,18.989785174141424,2170,8.614989706468302,8.614989706468302,0,0,0,0,0,none
C19941,42005521,3,134.00900000000001,118,10,40.0,1,11,88.35717261299881,spruce,32,2.2949194590675037,18.989785174141424,2175,7.873667009027699,7.873667009027699,0,0,0,0,0,none
C19941,42005521,3,131.00900000000001,119,10,40.0,1,11,83.09909712769488,spruce,33,2.2949194590675037,18.989785174141424,2180,7.173744041928903,7.173744041928903,0,0,0,0,0,none
C19941,42005521,3,128.00900000000001,120,10,40.0,1,11,78.03959402357543,spruce,34,2.2949194590675037,18.989785174141424,2185,6.533116716051017,6.533116716051017,0,0,0,0,0,none
C19941,42005521,3,125.00900000000001,121,10,40.0,1,11,0.0,spruce,35,2.2949194590675037,18.989785174141424,2190,0.0,0.0,0.0,0.0,0.0,0.0,0.0,clear cut
C19941,40854172,3,50.01,41.81518416117089,5,40.0,1,11,533.3333333333334,spruce,3,8.162736055225624,4.740539604860555,2030,2.9703992438350744,2.9703992438350744,0,0,0,0,0,none
C19941,40854172,3,54.01,44,5,40.0,1,11,493.02993501071336,spruce,4,8.162736055225624,4.740539604860555,2035,3.263237380067873,3.263237380067873,0,0,0,0,0,none
C19941,40854172,3,56.01,46,5,40.0,1,11,449.6204463741296,spruce,5,8.162736055225624,4.740539604860555,2040,3.2878693140185433,3.2878693140185433,0,0,0,0,0,none
C19941,40854172,3,57.01,48,5,40.0,1,11,403.62016480396437,spruce,6,8.162736055225624,4.740539604860555,2045,3.155545019121536,3.155545019121536,0,0,0,0,0,none
C19941,40854172,3,57.01,50,5,40.0,1,11,357.0655589430679,spruce,7,8.162736055225624,4.740539604860555,2050,2.890720222411377,2.890720222411377,0,0,0,0,0,clear cut
C19941,40854172,3,68.00999999999999,55,5,40.0,1,11,340.0562026683808,spruce,8,8.162736055225624,4.740539604860555,2055,4.08215332238975,4.08215332238975,0,0,0,0,0,none
C19941,40854172,3,78.00999999999999,59,5,40.0,1,11,322.76094122093804,spruce,9,8.162736055225624,4.740539604860555,2060,5.25816154745166,5.25816154745166,0,0,0,0,0,none
C19941,40854172,3,88.00999999999999,63,5,40.0,1,11,305.0000702417745,spruce,10,8.162736055225624,4.740539604860555,2065,6.533885771843569,6.533885771843569,0,0,0,0,0,none
C19941,40854172,3,97.00999999999999,67,5,40.0,1,11,285.47162949108827,spruce,11,8.162736055225624,4.740539604860555,2070,7.704516464393348,7.704516464393348,0,0,0,0,0,none
C19941,40854172,3,105.00999999999999,71,10,40.0,1,11,267.00581828895014,spruce,12,8.162736055225624,4.740539604860555,2075,9.124861802825027,9.124861802825027,0,0,0,0,0,none
C19941,40854172,3,112.00999999999999,74,10,40.0,1,11,249.92109659797353,spruce,13,8.162736055225624,4.740539604860555,2080,10.290797262935543,10.290797262935543,0,0,0,0,0,none
C19941,40854172,3,119.00999999999999,77,10,40.0,1,11,234.2748426199376,spruce,14,8.162736055225624,4.740539604860555,2085,11.352659344541992,11.352659344541992,0,0,0,0,0,none
C19941,40854172,3,125.00999999999999,80,10,40.0,1,11,220.21522067820624,spruce,15,8.162736055225624,4.740539604860555,2090,12.153401086568678,12.153401086568678,0,0,0,0,0,none
C19941,40854172,3,130.01,83,10,40.0,1,11,207.56779025508135,spruce,16,8.162736055225624,4.740539604860555,2095,12.709040222102654,12.709040222102654,0,0,0,0,0,none
C19941,40854172,3,134.01,86,10,40.0,1,11,196.12268692284806,spruce,17,8.162736055225624,4.740539604860555,2100,12.985923241658051,12.985923241658051,0,0,0,0,0,none
C19941,40854172,3,138.01,89,10,40.0,1,11,185.64464987948253,spruce,18,8.162736055225624,4.740539604860555,2105,13.27711804839547,13.27711804839547,0,0,0,0,0,none
C19941,40854172,3,142.01,92,10,40.0,1,11,176.00247584105392,spruce,19,8.162736055225624,4.740539604860555,2110,13.579623855421291,13.579623855421291,0,0,0,0,0,none
C19941,40854172,3,145.01,95,10,40.0,1,11,167.15876362145497,spruce,20,8.162736055225624,4.740539604860555,2115,13.746899032217849,13.746899032217849,0,0,0,0,0,none
C19941,40854172,3,147.01,97,10,40.0,1,11,158.9410043400137,spruce,21,8.162736055225624,4.740539604860555,2120,13.632525325127231,13.632525325127231,0,0,0,0,0,none
C19941,40854172,3,148.01,99,10,40.0,1,11,151.17924750230648,spruce,22,8.162736055225624,4.740539604860555,2125,13.374513131110954,13.374513131110954,0,0,0,0,0,none
C19941,40854172,3,149.01,101,10,40.0,1,11,143.76588764668256,spruce,23,8.162736055225624,4.740539604860555,2130,13.115174666043112,13.115174666043112,0,0,0,0,0,none
C19941,40854172,3,150.01,103,15,40.0,1,11,136.69958483076044,spruce,24,8.162736055225624,4.740539604860555,2135,12.856031204563848,12.856031204563848,0,0,0,0,0,none
C19941,40854172,3,150.01,105,15,40.0,1,11,129.96521724311347,spruce,25,8.162736055225624,4.740539604860555,2140,12.462758256760084,12.462758256760084,0,0,0,0,0,none
C19941,40854172,3,150.01,107,15,40.0,1,11,123.50049657215175,spruce,26,8.162736055225624,4.740539604860555,2145,12.071987008727353,12.071987008727353,0,0,0,0,0,none
C19941,40854172,3,149.01,109,10,40.0,1,11,117.29669432662661,spruce,27,8.162736055225624,4.740539604860555,2150,11.556805334632578,11.556805334632578,0,0,0,0,0,none
C19941,40854172,3,148.01,111,10,40.0,1,11,111.31369613022267,spruce,28,8.162736055225624,4.740539604860555,2155,11.049153890920433,11.049153890920433,0,0,0,0,0,none
C19941,40854172,3,146.01,113,10,40.0,1,11,105.55540685606664,spruce,29,8.162736055225624,4.740539604860555,2160,10.431173862878545,10.431173862878545,0,0,0,0,0,none
C19941,40854172,3,144.01,115,10,40.0,1,11,99.98085519483277,spruce,30,8.162736055225624,4.740539604860555,2165,9.827367731839512,9.827367731839512,0,0,0,0,0,none
C19941,40854172,3,142.01,117,10,40.0,1,11,94.60266298823703,spruce,31,8.162736055225624,4.740539604860555,2170,9.240090980837417,9.240090980837417,0,0,0,0,0,none
C19941,40854172,3,140.01,119,10,40.0,1,11,89.41148052671079,spruce,32,8.162736055225624,4.740539604860555,2175,8.669452697723528,8.669452697723528,0,0,0,0,0,none
C19941,40854172,3,137.01,120,10,40.0,1,11,84.4363705023527,spruce,33,8.162736055225624,4.740539604860555,2180,7.951038229184188,7.951038229184188,0,0,0,0,0,none
C19941,40854172,3,134.01,121,10,40.0,1,11,79.63280360573177,spruce,34,8.162736055225624,4.740539604860555,2185,7.2717816033360405,7.2717816033360405,0,0,0,0,0,none
C19941,40854172,3,131.01,122,10,40.0,1,11,0.0,spruce,35,8.162736055225624,4.740539604860555,2190,0.0,0.0,0.0,0.0,0.0,0.0,0.0,clear cut
C19941,56865238,3,50.011,41.78919249162366,5,40.0,1,11,466.66666666666663,spruce,4,14.230495172569436,2.485419239443294,2035,2.5979088934903247,2.5979088934903247,0,0,0,0,0,none
C19941,56865238,3,51.011,44,5,40.0,1,11,423.03718677008163,spruce,5,14.230495172569436,2.485419239443294,2040,2.5383414185091477,2.5383414185091477,0,0,0,0,0,none
C19941,56865238,3,50.011,46,5,40.0,1,11,376.5284751904009,spruce,6,14.230495172569436,2.485419239443294,2045,2.2608564360723347,2.2608564360723347,0,0,0,0,0,none
C19941,56865238,3,47.011,47,5,40.0,1,11,328.59211651320663,spruce,7,14.230495172569436,2.485419239443294,2050,1.7962609636389215,1.7962609636389215,0,0,0,0,0,clear cut
C19941,56865238,3,55.011,50,5,40.0,1,11,310.08472570624065,spruce,8,14.230495172569436,2.485419239443294,2055,2.3571802101196826,2.3571802101196826,0,0,0,0,0,none
C19941,56865238,3,62.011,53,5,40.0,1,11,290.7072708676847,spruce,9,14.230495172569436,2.485419239443294,2060,2.870629369533167,2.870629369533167,0,0,0,0,0,none
C19941,56865238,3,68.011,56,5,40.0,1,11,270.33308398598405,spruce,10,14.230495172569436,2.485419239443294,2065,3.3001407960811777,3.3001407960811777,0,0,0,0,0,none
C19941,56865238,3,73.011,59,5,40.0,1,11,247.31324149218725,spruce,11,14.230495172569436,2.485419239443294,2070,3.5905176746263643,3.5905176746263643,0,0,0,0,0,none
C19941,56865238,3,79.011,62,5,40.0,1,11,225.09694893613747,spruce,12,14.230495172569436,2.485419239443294,2075,3.9360196805313925,3.9360196805313925,0,0,0,0,0,none
C19941,56865238,3,84.011,64,5,40.0,1,11,204.79796945663333,spruce,13,14.230495172569436,2.485419239443294,2080,4.11234040038062,4.11234040038062,0,0,0,0,0,none
C19941,56865238,3,88.011,66,5,40.0,1,11,186.4308107600444,spruce,14,14.230495172569436,2.485419239443294,2085,4.1864630260042555,4.1864630260042555,0,0,0,0,0,none
C19941,56865238,3,91.011,68,5,40.0,1,11,169.95580710672363,spruce,15,14.230495172569436,2.485419239443294,2090,4.170177465763642,4.170177465763642,0,0,0,0,0,none
C19941,56865238,3,93.011,70,5,40.0,1,11,155.17773374410143,spruce,16,14.230495172569436,2.485419239443294,2095,4.073578331350959,4.073578331350959,0,0,0,0,0,none
C19941,56865238,3,95.011,72,5,40.0,1,11,141.8499323433623,spruce,17,14.230495172569436,2.485419239443294,2100,3.9781988212283825,3.9781988212283825,0,0,0,0,0,none
C19941,56865238,3,96.011,74,5,40.0,1,11,129.83428835840064,spruce,18,14.230495172569436,2.485419239443294,2105,3.8151960320614715,3.8151960320614715,0,0,0,0,0,none
C19941,56865238,3,96.011,76,5,40.0,1,11,118.82146777214243,spruce,19,14.230495172569436,2.485419239443294,2110,3.5898129530768235,3.5898129530768235,0,0,0,0,0,none
C19941,56865238,3,95.011,78,5,40.0,1,11,108.66769433286936,spruce,20,14.230495172569436,2.485419239443294,2115,3.3116919002908123,3.3116919002908123,0,0,0,0,0,none
C19941,56865238,3,94.011,80,5,40.0,1,11,99.19103723252195,spruce,21,14.230495172569436,2.485419239443294,2120,3.0463151880616004,3.0463151880616004,0,0,0,0,0,none
C19941,56865238,3,92.011,81,5,40.0,1,11,90.3236595903845,spruce,22,14.230495172569436,2.485419239443294,2125,2.705116317131064,2.705116317131064,0,0,0,0,0,none
C19941,56865238,3,89.011,82,5,40.0,1,11,81.926492636543,spruce,23,14.230495172569436,2.485419239443294,2130,2.342588534394021,2.342588534394021,0,0,0,0,0,none
C19941,56865238,3,86.011,83,5,40.0,1,11,73.91665483478053,spruce,24,14.230495172569436,2.485419239443294,2135,2.0123899550727944,2.0123899550727944,0,0,0,0,0,none
C19941,56865238,3,82.011,84,5,40.0,1,11,66.32210427410995,spruce,25,14.230495172569436,2.485419239443294,2140,1.6766375085737688,1.6766375085737688,0,0,0,0,0,none
C19941,56865238,3,78.011,85,5,40.0,1,11,59.07557379692725,spruce,26,14.230495172569436,2.485419239443294,2145,1.3786328960509646,1.3786328960509646,0,0,0,0,0,none
C19941,56865238,3,73.011,86,5,40.0,1,11,52.21235618447696,spruce,27,14.230495172569436,2.485419239443294,2150,1.0888364718411334,1.0888364718411334,0,0,0,0,0,none
C19941,56865238,3,68.011,87,5,40.0,1,11,45.694382567110615,spruce,28,14.230495172569436,2.485419239443294,2155,0.840733409890286,0.840733409890286,0,0,0,0,0,none
C19941,56865238,3,63.010999999999996,88,5,40.0,1,11,39.572026387171256,spruce,29,14.230495172569436,2.485419239443294,2160,0.6321668644485063,0.6321668644485063,0,0,0,0,0,none
C19941,56865238,3,57.010999999999996,88,5,40.0,1,11,33.891973289792396,spruce,30,14.230495172569436,2.485419239443294,2165,0.43958602214704434,0.43958602214704434,0,0,0,0,0,none
C19941,56865238,3,51.010999999999996,88,5,40.0,1,11,28.616863029219846,spruce,31,14.230495172569436,2.485419239443294,2170,0.28953340562219315,0.28953340562219315,0,0,0,0,0,none
C19941,56865238,3,45.010999999999996,88,5,40.0,1,11,23.778200976394775,spruce,32,14.230495172569436,2.485419239443294,2175,0.17636776899736634,0.17636776899736634,0,0,0,0,0,none
C19941,56865238,3,38.010999999999996,88,5,40.0,1,11,19.433655812645217,spruce,33,14.230495172569436,2.485419239443294,2180,0.08665851005364288,0.08665851005364288,0,0,0,0,0,none
C19941,56865238,3,31.010999999999996,88,5,40.0,1,11,15.546929099206922,spruce,34,14.230495172569436,2.485419239443294,2185,0.026560773513227734,0.026560773513227734,0,0,0,0,0,none
C19941,56865238,3,23.010999999999996,88,5,40.0,1,11,12.153327462471747,spruce,35,14.230495172569436,2.485419239443294,2190,-0.014359845470750091,-0.014359845470750091,0,0,0,0,0,clear cut
C19941,56865238,3,32.010999999999996,88,5,40.0,1,11,11.30297998347556,spruce,36,14.230495172569436,2.485419239443294,2195,0.02360859397519201,0.02360859397519201,0,0,0,0,0,none
C19941,56865238,3,39.010999999999996,88,5,40.0,1,11,10.49183109538276,spruce,37,14.230495172569436,2.485419239443294,2200,0.05108558650969002,0.05108558650969002,0,0,0,0,0,none
C19941,56865238,3,44.010999999999996,88,5,40.0,1,11,9.676553824304175,spruce,38,14.230495172569436,2.485419239443294,2205,0.06756115561095648,0.06756115561095648,0,0,0,0,0,none
C19941,56865238,3,46.010999999999996,88,5,40.0,1,11,8.758780008224955,spruce,39,14.230495172569436,2.485419239443294,2210,0.0688150503918604,0.0688150503918604,0,0,0,0,0,none
C19941,56865238,3,46.010999999999996,88,5,40.0,1,11,7.829862724860041,spruce,40,14.230495172569436,2.485419239443294,2215,0.06151683196365474,0.06151683196365474,0,0,0,0,0,none
C19941,54620480,3,50.012,41.766186319145106,5,40.0,1,11,466.66666666666663,spruce,4,11.056439573715318,16.840617847192114,2035,2.5968650421308346,2.5968650421308346,0,0,0,0,0,none
C19941,54620480,3,51.012,44,5,40.0,1,11,423.10132243684126,spruce,5,11.056439573715318,16.840617847192114,2040,2.5388121622843833,2.5388121622843833,0,0,0,0,0,none
C19941,54620480,3,51.012,46,5,40.0,1,11,376.745312571438,spruce,6,11.056439573715318,16.840617847192114,2045,2.3423054983263616,2.3423054983263616,0,0,0,0,0,none
C19941,54620480,3,50.012,47,5,40.0,1,11,329.69460321990687,spruce,7,11.056439573715318,16.840617847192114,2050,2.0133424281653816,2.0133424281653816,0,0,0,0,0,clear cut
C19941,54620480,3,59.012,50,5,40.0,1,11,311.9077079093424,spruce,8,11.056439573715318,16.840617847192114,2055,2.6824604342677056,2.6824604342677056,0,0,0,0,0,none
C19941,54620480,3,68.012,53,5,40.0,1,11,293.5030795223685,spruce,9,11.056439573715318,16.840617847192114,2060,3.4041300907092618,3.4041300907092618,0,0,0,0,0,none
C19941,54620480,3,76.012,56,5,40.0,1,11,274.621926563058,spruce,10,11.056439573715318,16.840617847192114,2065,4.066121705985841,4.066121705985841,0,0,0,0,0,none
C19941,54620480,3,83.012,59,5,40.0,1,11,253.70864345915916,spruce,11,11.056439573715318,16.840617847192114,2070,4.601331390042345,4.601331390042345,0,0,0,0,0,none
C19941,54620480,3,89.012,62,5,40.0,1,11,233.80695069253136,spruce,12,11.056439573715318,16.840617847192114,2075,5.025461060580706,5.025461060580706,0,0,0,0,0,none
C19941,54620480,3,95.012,65,5,40.0,1,11,215.34837333724204,spruce,13,11.056439573715318,16.840617847192114,2080,5.434703488400522,5.434703488400522,0,0,0,0,0,none
C19941,54620480,3,100.012,67,10,40.0,1,11,198.62369747788188,spruce,14,11.056439573715318,16.840617847192114,2085,5.665579169468031,5.665579169468031,0,0,0,0,0,none
C19941,54620480,3,104.012,69,10,40.0,1,11,183.5896590138837,spruce,15,11.056439573715318,16.840617847192114,2090,5.959269699618913,5.959269699618913,0,0,0,0,0,none
C19941,54620480,3,107.012,71,10,40.0,1,11,170.06780804288903,spruce,16,11.056439573715318,16.840617847192114,2095,6.076021011134706,6.076021011134706,0,0,0,0,0,none
C19941,54620480,3,109.012,73,10,40.0,1,11,157.82808323495195,spruce,17,11.056439573715318,16.840617847192114,2100,6.042784769254763,6.042784769254763,0,0,0,0,0,none
C19941,54620480,3,111.012,75,10,40.0,1,11,146.6145380562857,spruce,18,11.056439573715318,16.840617847192114,2105,5.996881789728203,5.996881789728203,0,0,0,0,0,none
C19941,54620480,3,112.012,77,10,40.0,1,11,136.30341394155815,spruce,19,11.056439573715318,16.840617847192114,2110,5.828094881708256,5.828094881708256,0,0,0,0,0,none
C19941,54620480,3,112.012,79,10,40.0,1,11,126.76245610457369,spruce,20,11.056439573715318,16.840617847192114,2115,5.554166153913394,5.554166153913394,0,0,0,0,0,none
C19941,54620480,3,111.012,81,10,40.0,1,11,117.81820526375553,spruce,21,11.056439573715318,16.840617847192114,2120,5.188121036595589,5.188121036595589,0,0,0,0,0,none
C19941,54620480,3,110.012,83,10,40.0,1,11,109.3025223231637,spruce,22,11.056439573715318,16.840617847192114,2125,4.83456697705982,4.83456697705982,0,0,0,0,0,none
C19941,54620480,3,108.012,85,10,40.0,1,11,101.195865006741,spruce,23,11.056439573715318,16.840617847192114,2130,4.4057375295594134,4.4057375295594134,0,0,0,0,0,none
C19941,54620480,3,106.012,87,10,40.0,1,11,93.41198967007831,spruce,24,11.056439573715318,16.840617847192114,2135,3.9973511499181895,3.9973511499181895,0,0,0,0,0,none
C19941,54620480,3,103.012,88,10,40.0,1,11,85.96855211771373,spruce,25,11.056439573715318,16.840617847192114,2140,3.4927678765984616,3.4927678765984616,0,0,0,0,0,none
C19941,54620480,3,100.012,89,10,40.0,1,11,78.7924911597524,spruce,26,11.056439573715318,16.840617847192114,2145,3.0276319247876065,3.0276319247876065,0,0,0,0,0,none
C19941,54620480,3,96.012,90,5,40.0,1,11,71.90596851738948,spruce,27,11.056439573715318,16.840617847192114,2150,2.5935064476147995,2.5935064476147995,0,0,0,0,0,none
C19941,54620480,3,92.012,91,5,40.0,1,11,65.26166774391822,spruce,28,11.056439573715318,16.840617847192114,2155,2.206402415810225,2.206402415810225,0,0,0,0,0,none
C19941,54620480,3,88.012,92,5,40.0,1,11,58.89456809409951,spruce,29,11.056439573715318,16.840617847192114,2160,1.858165515741189,1.858165515741189,0,0,0,0,0,none
C19941,54620480,3,83.012,93,5,40.0,1,11,52.84051551387283,spruce,30,11.056439573715318,16.840617847192114,2165,1.5141635995962055,1.5141635995962055,0,0,0,0,0,none
C19941,54620480,3,78.012,94,5,40.0,1,11,47.05199423608251,spruce,31,11.056439573715318,16.840617847192114,2170,1.2134550842590273,1.2134550842590273,0,0,0,0,0,none
C19941,54620480,3,73.012,95,5,40.0,1,11,41.54766766340476,spruce,32,11.056439573715318,16.840617847192114,2175,0.9538018684900553,0.9538018684900553,0,0,0,0,0,none
C19941,54620480,3,68.012,96,5,40.0,1,11,36.38561439703749,spruce,33,11.056439573715318,16.840617847192114,2180,0.7335323614559704,0.7335323614559704,0,0,0,0,0,none
C19941,54620480,3,63.012,97,5,40.0,1,11,31.588788646293583,spruce,34,11.056439573715318,16.840617847192114,2185,0.5497165662481144,0.5497165662481144,0,0,0,0,0,none
C19941,54620480,3,58.012,97,5,40.0,1,11,27.18293233376078,spruce,35,11.056439573715318,16.840617847192114,2190,0.3959618665831428,0.3959618665831428,0,0,0,0,0,clear cut
C19941,54620480,3,70.012,99,5,40.0,1,11,26.11452618578098,spruce,36,11.056439573715318,16.840617847192114,2195,0.574189923067131,0.574189923067131,0,0,0,0,0,none
C19941,54620480,3,82.012,101,5,40.0,1,11,25.0875483730159,spruce,37,11.056439573715318,16.840617847192114,2200,0.7643230526385844,0.7643230526385844,0,0,0,0,0,none
C19941,54620480,3,94.012,103,5,40.0,1,11,24.073687905713246,spruce,38,11.056439573715318,16.840617847192114,2205,0.9641238360024194,0.9641238360024194,0,0,0,0,0,none
C19941,54620480,3,106.012,105,10,40.0,1,11,22.969486789708263,spruce,39,11.056439573715318,16.840617847192114,2210,1.1905424878007922,1.1905424878007922,0,0,0,0,0,none
C19941,54620480,3,118.012,107,10,40.0,1,11,21.920761822208274,spruce,40,11.056439573715318,16.840617847192114,2215,1.4248283478277217,1.4248283478277217,0,0,0,0,0,none
C19941,82854826,3,50.013,41.81203606766195,5,40.0,1,11,466.66666666666663,spruce,4,11.715185429165757,19.39191496639349,2035,2.599209905197798,2.599209905197798,0,0,0,0,0,none
C19941,82854826,3,51.013,44,5,40.0,1,11,423.16521761857973,spruce,5,11.715185429165757,19.39191496639349,2040,2.539281489925255,2.539281489925255,0,0,0,0,0,none
C19941,82854826,3,51.013,46,5,40.0,1,11,376.92322591458367,spruce,6,11.715185429165757,19.39191496639349,2045,2.343492145595403,2.343492145595403,0,0,0,0,0,none
C19941,82854826,3,50.013,47,5,40.0,1,11,330.0059635991668,spruce,7,11.715185429165757,19.39191496639349,2050,2.0153153226046463,2.0153153226046463,0,0,0,0,0,clear cut
C19941,82854826,3,59.013,50,5,40.0,1,11,312.0956833787073,spruce,8,11.715185429165757,19.39191496639349,2055,2.6841564396696644,2.6841564396696644,0,0,0,0,0,none
C19941,82854826,3,68.013,53,5,40.0,1,11,293.5661276504348,spruce,9,11.715185429165757,19.39191496639349,2060,3.4049479040026274,3.4049479040026274,0,0,0,0,0,none
C19941,82854826,3,76.013,56,5,40.0,1,11,274.5830397602803,spruce,10,11.715185429165757,19.39191496639349,2065,4.065638074125201,4.065638074125201,0,0,0,0,0,none
C19941,82854826,3,83.013,59,5,40.0,1,11,253.59737552931588,spruce,11,11.715185429165757,19.39191496639349,2070,4.599408746716879,4.599408746716879,0,0,0,0,0,none
C19941,82854826,3,89.013,62,5,40.0,1,11,233.65843116973943,spruce,12,11.715185429165757,19.39191496639349,2075,5.022365899684848,5.022365899684848,0,0,0,0,0,none
C19941,82854826,3,95.013,65,5,40.0,1,11,215.17416995746458,spruce,13,11.715185429165757,19.39191496639349,2080,5.43040557107578,5.43040557107578,0,0,0,0,0,none
C19941,82854826,3,100.013,67,10,40.0,1,11,198.4473089759296,spruce,14,11.715185429165757,19.39191496639349,2085,5.660696524213836,5.660696524213836,0,0,0,0,0,none
C19941,82854826,3,104.013,69,10,40.0,1,11,183.42699496023909,spruce,15,11.715185429165757,19.39191496639349,2090,5.954129498925109,5.954129498925109,0,0,0,0,0,none
C19941,82854826,3,107.013,71,10,40.0,1,11,169.92897880116612,spruce,16,11.715185429165757,19.39191496639349,2095,6.071192809016125,6.071192809016125,0,0,0,0,0,none
C19941,82854826,3,109.013,73,10,40.0,1,11,157.71914039176968,spruce,17,11.715185429165757,19.39191496639349,2100,6.038738010093369,6.038738010093369,0,0,0,0,0,none
C19941,82854826,3,111.013,75,10,40.0,1,11,146.53076810096005,spruce,18,11.715185429165757,19.39191496639349,2105,5.993572844598762,5.993572844598762,0,0,0,0,0,none
C19941,82854826,3,112.013,77,10,40.0,1,11,136.24804030707736,spruce,19,11.715185429165757,19.39191496639349,2110,5.825838188032909,5.825838188032909,0,0,0,0,0,none
C19941,82854826,3,113.013,79,10,40.0,1,11,126.73672398121836,spruce,20,11.715185429165757,19.39191496639349,2115,5.6580417464854404,5.6580417464854404,0,0,0,0,0,none
C19941,82854826,3,113.013,81,10,40.0,1,11,117.92769215968222,spruce,21,11.715185429165757,19.39191496639349,2120,5.3913480830857115,5.3913480830857115,0,0,0,0,0,none
C19941,82854826,3,112.013,83,10,40.0,1,11,109.62903251102847,spruce,22,11.715185429165757,19.39191496639349,2125,5.036331858214434,5.036331858214434,0,0,0,0,0,none
C19941,82854826,3,111.013,85,10,40.0,1,11,101.71558022125733,spruce,23,11.715185429165757,19.39191496639349,2130,4.693032959454675,4.693032959454675,0,0,0,0,0,none
C19941,82854826,3,109.013,87,10,40.0,1,11,94.19076551999646,spruce,24,11.715185429165757,19.39191496639349,2135,4.279483052269024,4.279483052269024,0,0,0,0,0,none
C19941,82854826,3,106.013,88,10,40.0,1,11,86.97496482921727,spruce,25,11.715185429165757,19.39191496639349,2140,3.7651196718430744,3.7651196718430744,0,0,0,0,0,none
C19941,82854826,3,103.013,89,10,40.0,1,11,79.99562071531838,spruce,26,11.715185429165757,19.39191496639349,2145,3.288332035913288,3.288332035913288,0,0,0,0,0,none
C19941,82854826,3,100.013,90,10,40.0,1,11,73.27689143727727,spruce,27,11.715185429165757,19.39191496639349,2150,2.8493205916105375,2.8493205916105375,0,0,0,0,0,none
C19941,82854826,3,96.013,91,5,40.0,1,11,66.8516212817157,spruce,28,11.715185429165757,19.39191496639349,2155,2.4395201656666625,2.4395201656666625,0,0,0,0,0,none
C19941,82854826,3,92.013,92,5,40.0,1,11,60.664459094627404,spruce,29,11.715185429165757,19.39191496639349,2160,2.074592888381997,2.074592888381997,0,0,0,0,0,none
C19941,82854826,3,88.013,93,5,40.0,1,11,54.75198273605277,spruce,30,11.715185429165757,19.39191496639349,2165,1.7469315018343248,1.7469315018343248,0,0,0,0,0,none
C19941,82854826,3,83.013,94,5,40.0,1,11,49.14069974375427,spruce,31,11.715185429165757,19.39191496639349,2170,1.423579038449149,1.423579038449149,0,0,0,0,0,none
C19941,82854826,3,78.013,95,5,40.0,1,11,43.76586847967109,spruce,32,11.715185429165757,19.39191496639349,2175,1.140678953305757,1.140678953305757,0,0,0,0,0,none
C19941,82854826,3,73.013,96,5,40.0,1,11,38.68503055536415,spruce,33,11.715185429165757,19.39191496639349,2180,0.8971333456526015,0.8971333456526015,0,0,0,0,0,none
C19941,82854826,3,68.013,97,5,40.0,1,11,33.92265597666243,spruce,34,11.715185429165757,19.39191496639349,2185,0.6904997918103437,0.6904997918103437,0,0,0,0,0,none
C19941,82854826,3,63.013000000000005,98,5,40.0,1,11,29.507216679068886,spruce,35,11.715185429165757,19.39191496639349,2190,0.5181351473581086,0.5181351473581086,0,0,0,0,0,clear cut
C19941,82854826,3,75.013,100,5,40.0,1,11,28.433138334681107,spruce,36,11.715185429165757,19.39191496639349,2195,0.7230885008094927,0.7230885008094927,0,0,0,0,0,none
C19941,82854826,3,87.013,102,5,40.0,1,11,27.393644696401847,spruce,37,11.715185429165757,19.39191496639349,2200,0.9418279243853775,0.9418279243853775,0,0,0,0,0,none
C19941,82854826,3,99.013,104,5,40.0,1,11,26.360500202729167,spruce,38,11.715185429165757,19.39191496639349,2205,1.1718705046381759,1.1718705046381759,0,0,0,0,0,none
C19941,82854826,3,111.013,106,10,40.0,1,11,25.22751222428547,spruce,39,11.715185429165757,19.39191496639349,2210,1.4473095588019897,1.4473095588019897,0,0,0,0,0,none
C19941,82854826,3,123.013,108,10,40.0,1,11,24.144186306349905,spruce,40,11.715185429165757,19.39191496639349,2215,1.7066421189023113,1.7066421189023113,0,0,0,0,0,none
C19941,24365229,3,50.014,41.79627235928201,5,40.0,1,11,426.66666666666663,spruce,5,1.4394855937897355,19.345526600005442,2040,2.375792114590393,2.375792114590393,0,0,0,0,0,none
C19941,24365229,3,49.014,43,5,40.0,1,11,379.46418855529214,spruce,6,1.4394855937897355,19.345526600005442,2045,2.0870390149358733,2.0870390149358733,0,0,0,0,0,none
C19941,24365229,3,46.014,44,5,40.0,1,11,330.9835240286026,spruce,7,1.4394855937897355,19.345526600005442,2050,1.6589000731219496,1.6589000731219496,0,0,0,0,0,clear cut
C19941,24365229,3,54.014,47,5,40.0,1,11,311.72049076708583,spruce,8,1.4394855937897355,19.345526600005442,2055,2.179555970586516,2.179555970586516,0,0,0,0,0,none
C19941,24365229,3,60.014,49,5,40.0,1,11,291.61194250773787,spruce,9,1.4394855937897355,19.345526600005442,2060,2.53711547477515,2.53711547477515,0,0,0,0,0,none
C19941,24365229,3,65.01400000000001,51,5,40.0,1,11,270.2743476905623,spruce,10,1.4394855937897355,19.345526600005442,2065,2.7988524307795655,2.7988524307795655,0,0,0,0,0,none
C19941,24365229,3,69.01400000000001,53,5,40.0,1,11,246.03881780756737,spruce,11,1.4394855937897355,19.345526600005442,2070,2.9266350972064035,2.9266350972064035,0,0,0,0,0,none
C19941,24365229,3,72.01400000000001,55,5,40.0,1,11,222.51111636075717,spruce,12,1.4394855937897355,19.345526600005442,2075,2.9498664506320056,2.9498664506320056,0,0,0,0,0,none
C19941,24365229,3,74.01400000000001,57,5,40.0,1,11,200.3142700550162,spruce,13,1.4394855937897355,19.345526600005442,2080,2.8812313143639945,2.8812313143639945,0,0,0,0,0,none
C19941,24365229,3,75.01400000000001,59,5,40.0,1,11,179.71432577348085,spruce,14,1.4394855937897355,19.345526600005442,2085,2.735258216905338,2.735258216905338,0,0,0,0,0,none
C19941,24365229,3,75.01400000000001,61,5,40.0,1,11,160.83754888268743,spruce,15,1.4394855937897355,19.345526600005442,2090,2.528082795235084,2.528082795235084,0,0,0,0,0,none
C19941,24365229,3,75.01400000000001,62,5,40.0,1,11,143.59965812132188,spruce,16,1.4394855937897355,19.345526600005442,2095,2.292904069988579,2.292904069988579,0,0,0,0,0,none
C19941,24365229,3,74.01400000000001,63,5,40.0,1,11,128.0269047048396,spruce,17,1.4394855937897355,19.345526600005442,2100,2.027565537111944,2.027565537111944,0,0,0,0,0,none
C19941,24365229,3,72.01400000000001,64,5,40.0,1,11,113.79637839660622,spruce,18,1.4394855937897355,19.345526600005442,2105,1.742866663839902,1.742866663839902,0,0,0,0,0,none
C19941,24365229,3,70.01400000000001,65,5,40.0,1,11,100.64151964938779,spruce,19,1.4394855937897355,19.345526600005442,2110,1.4873905635027334,1.4873905635027334,0,0,0,0,0,none
C19941,24365229,3,67.01400000000001,66,5,40.0,1,11,88.60756471049267,spruce,20,1.4394855937897355,19.345526600005442,2115,1.2271762272378337,1.2271762272378337,0,0,0,0,0,none
C19941,24365229,3,64.01400000000001,67,5,40.0,1,11,77.49395728439065,spruce,21,1.4394855937897355,19.345526600005442,2120,1.000316715113065,1.000316715113065,0,0,0,0,0,none
C19941,24365229,3,60.01400000000001,68,5,40.0,1,11,67.2502894151151,spruce,22,1.4394855937897355,19.345526600005442,2125,0.7792728940943557,0.7792728940943557,0,0,0,0,0,none
C19941,24365229,3,56.01400000000001,69,5,40.0,1,11,57.73394385952862,spruce,23,1.4394855937897355,19.345526600005442,2130,0.5927939183981734,0.5927939183981734,0,0,0,0,0,none
C19941,24365229,3,51.01400000000001,69,5,40.0,1,11,48.99807850333676,spruce,24,1.4394855937897355,19.345526600005442,2135,0.4168702735814285,0.4168702735814285,0,0,0,0,0,none
C19941,24365229,3,46.01400000000001,69,5,40.0,1,11,40.96938793195589,spruce,25,1.4394855937897355,19.345526600005442,2140,0.2798618686489999,0.2798618686489999,0,0,0,0,0,none
C19941,24365229,3,40.01400000000001,69,5,40.0,1,11,33.70125031575069,spruce,26,1.4394855937897355,19.345526600005442,2145,0.16608526323126957,0.16608526323126957,0,0,0,0,0,none
C19941,24365229,3,33.01400000000001,69,5,40.0,1,11,27.143597434021192,spruce,27,1.4394855937897355,19.345526600005442,2150,0.0776054990413759,0.0776054990413759,0,0,0,0,0,none
C19941,24365229,3,25.01400000000001,69,5,40.0,1,11,21.2858859392091,spruce,28,1.4394855937897355,19.345526600005442,2155,0.014758881045789282,0.014758881045789282,0,0,0,0,0,none
C19941,24365229,3,17.01400000000001,69,5,40.0,1,11,16.12926719893855,spruce,29,1.4394855937897355,19.345526600005442,2160,-0.020324646191248574,-0.020324646191248574,0,0,0,0,0,none
C19941,24365229,3,8.01400000000001,69,5,40.0,1,11,11.758362863553184,spruce,30,1.4394855937897355,19.345526600005442,2165,-0.037674778346720735,-0.037674778346720735,0,0,0,0,0,none
C19941,24365229,3,-0.98599999999999,69,5,40.0,1,11,8.15764488869062,spruce,31,1.4394855937897355,19.345526600005442,2170,-0.03980482260329108,-0.03980482260329108,0,0,0,0,0,none
C19941,24365229,3,-10.98599999999999,69,5,40.0,1,11,5.340105387711077,spruce,32,1.4394855937897355,19.345526600005442,2175,-0.034315172440508294,-0.034315172440508294,0,0,0,0,0,none
C19941,24365229,3,-20.98599999999999,69,5,40.0,1,11,3.251146550467925,spruce,33,1.4394855937897355,19.345526600005442,2180,-0.024841382004641414,-0.024841382004641414,0,0,0,0,0,none
C19941,24365229,3,-31.98599999999999,69,5,40.0,1,11,1.8205483110530307,spruce,34,1.4394855937897355,19.345526600005442,2185,-0.015646066543127887,-0.015646066543127887,0,0,0,0,0,none
C19941,24365229,3,-42.98599999999999,69,5,40.0,1,11,0.9174626633150942,spruce,35,1.4394855937897355,19.345526600005442,2190,-0.00839133542195969,-0.00839133542195969,0,0,0,0,0,clear cut
C19941,24365229,3,-36.98599999999999,70,5,40.0,1,11,0.7088246239063014,spruce,36,1.4394855937897355,19.345526600005442,2195,-0.006482944528523638,-0.006482944528523638,0,0,0,0,0,none
C19941,24365229,3,-32.98599999999999,70,5,40.0,1,11,0.5405176765048642,spruce,37,1.4394855937897355,19.345526600005442,2200,-0.0048131154865315145,-0.0048131154865315145,0,0,0,0,0,none
C19941,24365229,3,-31.98599999999999,70,5,40.0,1,11,0,spruce,38,1.4394855937897355,19.345526600005442,2205,0.0,0.0,0.0,0.0,0.0,0.0,0.0,none
C19941,34610435,3,50.015,41.795721086326196,5,40.0,1,11,426.66666666666663,spruce,5,5.046514891406469,14.87651708150186,2040,2.3758481752665968,2.3758481752665968,0,0,0,0,0,none
C19941,34610435,3,49.015,43,5,40.0,1,11,379.6227253264047,spruce,6,5.046514891406469,14.87651708150186,2045,2.08798448731451,2.08798448731451,0,0,0,0,0,none
C19941,34610435,3,46.015,44,5,40.0,1,11,331.3378578912111,spruce,7,5.046514891406469,14.87651708150186,2050,1.6607397836701978,1.6607397836701978,0,0,0,0,0,clear cut
C19941,34610435,3,53.015,47,5,40.0,1,11,311.9626385049575,spruce,8,5.046514891406469,14.87651708150186,2055,2.1112480320998595,2.1112480320998595,0,0,0,0,0,none
C19941,34610435,3,59.015,49,5,40.0,1,11,291.4593140045782,spruce,9,5.046514891406469,14.87651708150186,2060,2.463072694512536,2.463072694512536,0,0,0,0,0,none
C19941,34610435,3,64.015,51,5,40.0,1,11,269.7662650281104,spruce,10,5.046514891406469,14.87651708150186,2065,2.719836196420974,2.719836196420974,0,0,0,0,0,none
C19941,34610435,3,67.015,53,5,40.0,1,11,245.208965309078,spruce,11,5.046514891406469,14.87651708150186,2070,2.772224630608166,2.772224630608166,0,0,0,0,0,none
C19941,34610435,3,69.015,55,5,40.0,1,11,221.09830931867373,spruce,12,5.046514891406469,14.87651708150186,2075,2.722786088649165,2.722786088649165,0,0,0,0,0,none
C19941,34610435,3,70.015,57,5,40.0,1,11,198.13109041612225,spruce,13,5.046514891406469,14.87651708150186,2080,2.5872348233045033,2.5872348233045033,0,0,0,0,0,none
C19941,34610435,3,70.015,58,5,40.0,1,11,176.642641587805,spruce,14,5.046514891406469,14.87651708150186,2085,2.3447322668060036,2.3447322668060036,0,0,0,0,0,none
C19941,34610435,3,70.015,59,5,40.0,1,11,156.81961434068555,spruce,15,5.046514891406469,14.87651708150186,2090,2.1154031484827276,2.1154031484827276,0,0,0,0,0,none
C19941,34610435,3,69.015,60,5,40.0,1,11,138.862308329019,spruce,16,5.046514891406469,14.87651708150186,2095,1.8552690678619554,1.8552690678619554,0,0,0,0,0,none
C19941,34610435,3,67.015,61,5,40.0,1,11,122.55530748151367,spruce,17,5.046514891406469,14.87651708150186,2100,1.5780280271867302,1.5780280271867302,0,0,0,0,0,none
C19941,34610435,3,65.015,62,5,40.0,1,11,107.59950919776328,spruce,18,5.046514891406469,14.87651708150186,2105,1.331758303605255,1.331758303605255,0,0,0,0,0,none
C19941,34610435,3,62.015,63,5,40.0,1,11,93.93529242645262,spruce,19,5.046514891406469,14.87651708150186,2110,1.0821957864368446,1.0821957864368446,0,0,0,0,0,none
C19941,34610435,3,59.015,64,5,40.0,1,11,81.41933464048154,spruce,20,5.046514891406469,14.87651708150186,2115,0.8673698682864884,0.8673698682864884,0,0,0,0,0,none
C19941,34610435,3,55.015,65,5,40.0,1,11,70.03006805457915,spruce,21,5.046514891406469,14.87651708150186,2120,0.6611837233582336,0.6611837233582336,0,0,0,0,0,none
C19941,34610435,3,51.015,66,5,40.0,1,11,59.55480689883258,spruce,22,5.046514891406469,14.87651708150186,2125,0.49017212689720774,0.49017212689720774,0,0,0,0,0,none
C19941,34610435,3,46.015,66,5,40.0,1,11,50.010630874695764,spruce,23,5.046514891406469,14.87651708150186,2130,0.3321251505285226,0.3321251505285226,0,0,0,0,0,none
C19941,34610435,3,40.015,66,5,40.0,1,11,41.31429950987247,spruce,24,5.046514891406469,14.87651708150186,2135,0.19989296509978882,0.19989296509978882,0,0,0,0,0,none
C19941,34610435,3,33.015,66,5,40.0,1,11,33.41895030783366,spruce,25,5.046514891406469,14.87651708150186,2140,0.0962289439203386,0.0962289439203386,0,0,0,0,0,none
C19941,34610435,3,25.015,66,5,40.0,1,11,26.30511255686858,spruce,26,5.046514891406469,14.87651708150186,2145,0.021861515395525697,0.021861515395525697,0,0,0,0,0,none
C19941,34610435,3,17.015,66,5,40.0,1,11,19.990208106274004,spruce,27,5.046514891406469,14.87651708150186,2150,-0.020276415595059917,-0.020276415595059917,0,0,0,0,0,none
C19941,34610435,3,8.015,66,5,40.0,1,11,14.599505572930875,spruce,28,5.046514891406469,14.87651708150186,2155,-0.04157542983970105,-0.04157542983970105,0,0,0,0,0,none
C19941,34610435,3,-0.9849999999999994,66,5,40.0,1,11,10.131013429963023,spruce,29,5.046514891406469,14.87651708150186,2160,-0.04482174200376581,-0.04482174200376581,0,0,0,0,0,none
C19941,34610435,3,-10.985,66,5,40.0,1,11,6.630891969466678,spruce,30,5.046514891406469,14.87651708150186,2165,-0.03895332133349358,-0.03895332133349358,0,0,0,0,0,none
C19941,34610435,3,-20.985,66,5,40.0,1,11,4.0270626312747835,spruce,31,5.046514891406469,14.87651708150186,2170,-0.028220193423858193,-0.028220193423858193,0,0,0,0,0,none
C19941,34610435,3,-31.985,66,5,40.0,1,11,2.2394261117276013,spruce,32,5.046514891406469,14.87651708150186,2175,-0.017663926256464336,-0.017663926256464336,0,0,0,0,0,none
C19941,34610435,3,-42.985,66,5,40.0,1,11,1.1160559506829861,spruce,33,5.046514891406469,14.87651708150186,2180,-0.00935696861363684,-0.00935696861363684,0,0,0,0,0,none
C19941,34610435,3,-53.985,66,5,40.0,1,11,0,spruce,34,5.046514891406469,14.87651708150186,2185,0.0,0.0,0.0,0.0,0.0,0.0,0.0,none
C19941,22874557,3,50.016,41.82753588190805,5,40.0,1,11,426.66666666666663,spruce,5,19.400399781766247,16.936576029800705,2040,2.377360580073399,2.377360580073399,0,0,0,0,0,none
C19941,22874557,3,49.016,43,5,40.0,1,11,379.7804164308487,spruce,6,19.400399781766247,16.936576029800705,2045,2.088925370426346,2.088925370426346,0,0,0,0,0,none
C19941,22874557,3,47.016,44,5,40.0,1,11,331.69044212678665,spruce,7,19.400399781766247,16.936576029800705,2050,1.726768310742424,1.726768310742424,0,0,0,0,0,clear cut
C19941,22874557,3,54.016,47,5,40.0,1,11,312.5270582426937,spruce,8,19.400399781766247,16.936576029800705,2055,2.1853366090989885,2.1853366090989885,0,0,0,0,0,none
C19941,22874557,3,60.016,49,5,40.0,1,11,292.23938431081643,spruce,9,19.400399781766247,16.936576029800705,2060,2.542721069318085,2.542721069318085,0,0,0,0,0,none
C19941,22874557,3,65.01599999999999,51,5,40.0,1,11,270.7688605670837,spruce,10,19.400399781766247,16.936576029800705,2065,2.8041222774518713,2.8041222774518713,0,0,0,0,0,none
C19941,22874557,3,68.01599999999999,53,5,40.0,1,11,246.476200167604,spruce,11,19.400399781766247,16.936576029800705,2070,2.858990022417256,2.858990022417256,0,0,0,0,0,none
C19941,22874557,3,70.01599999999999,55,5,40.0,1,11,222.60686058843504,spruce,12,19.400399781766247,16.936576029800705,2075,2.8107925144878694,2.8107925144878694,0,0,0,0,0,none
C19941,22874557,3,72.01599999999999,57,5,40.0,1,11,199.84401360069577,spruce,13,19.400399781766247,16.936576029800705,2080,2.7410399170867192,2.7410399170867192,0,0,0,0,0,none
C19941,22874557,3,73.01599999999999,59,5,40.0,1,11,178.80819059281757,spruce,14,19.400399781766247,16.936576029800705,2085,2.5962654659240427,2.5962654659240427,0,0,0,0,0,none
C19941,22874557,3,73.01599999999999,60,5,40.0,1,11,159.5923376255999,spruce,15,19.400399781766247,16.936576029800705,2090,2.3548353763396155,2.3548353763396155,0,0,0,0,0,none
C19941,22874557,3,72.01599999999999,61,5,40.0,1,11,142.0937471909249,spruce,16,19.400399781766247,16.936576029800705,2095,2.0789759840311564,2.0789759840311564,0,0,0,0,0,none
C19941,22874557,3,71.01599999999999,62,5,40.0,1,11,126.11776831981368,spruce,17,19.400399781766247,16.936576029800705,2100,1.8282067854669,1.8282067854669,0,0,0,0,0,none
C19941,22874557,3,69.01599999999999,63,5,40.0,1,11,111.57980545007747,spruce,18,19.400399781766247,16.936576029800705,2105,1.5605701437681878,1.5605701437681878,0,0,0,0,0,none
C19941,22874557,3,66.01599999999999,64,5,40.0,1,11,98.19633560298021,spruce,19,19.400399781766247,16.936576029800705,2110,1.2863415202263038,1.2863415202263038,0,0,0,0,0,none
C19941,22874557,3,63.01599999999999,65,5,40.0,1,11,85.8378352776678,spruce,20,19.400399781766247,16.936576029800705,2115,1.04733089277272,1.04733089277272,0,0,0,0,0,none
C19941,22874557,3,59.01599999999999,66,5,40.0,1,11,74.49732240864815,spruce,21,19.400399781766247,16.936576029800705,2120,0.8149353045157701,0.8149353045157701,0,0,0,0,0,none
C19941,22874557,3,55.01599999999999,67,5,40.0,1,11,63.97215799977803,spruce,22,19.400399781766247,16.936576029800705,2125,0.6190557977801527,0.6190557977801527,0,0,0,0,0,none
C19941,22874557,3,50.01599999999999,67,5,40.0,1,11,54.28902755347371,spruce,23,19.400399781766247,16.936576029800705,2130,0.43398870762194897,0.43398870762194897,0,0,0,0,0,none
C19941,22874557,3,44.01599999999999,67,5,40.0,1,11,45.37245578139067,spruce,24,19.400399781766247,16.936576029800705,2135,0.27590095322559705,0.27590095322559705,0,0,0,0,0,none
C19941,22874557,3,37.01599999999999,67,5,40.0,1,11,37.18182841580478,spruce,25,19.400399781766247,16.936576029800705,2140,0.14854893135476868,0.14854893135476868,0,0,0,0,0,none
C19941,22874557,3,30.01599999999999,67,5,40.0,1,11,29.703515702636203,spruce,26,19.400399781766247,16.936576029800705,2145,0.06140854669746493,0.06140854669746493,0,0,0,0,0,none
C19941,22874557,3,22.01599999999999,67,5,40.0,1,11,23.056611750430523,spruce,27,19.400399781766247,16.936576029800705,2150,0.0013225786275727512,0.0013225786275727512,0,0,0,0,0,none
C19941,22874557,3,13.015999999999991,67,5,40.0,1,11,17.256028328462772,spruce,28,19.400399781766247,16.936576029800705,2155,-0.03378005135474784,-0.03378005135474784,0,0,0,0,0,none
C19941,22874557,3,4.015999999999991,67,5,40.0,1,11,12.32198811204437,spruce,29,19.400399781766247,16.936576029800705,2160,-0.04573552422965833,-0.04573552422965833,0,0,0,0,0,none
C19941,22874557,3,-5.984000000000009,67,5,40.0,1,11,8.337777481890777,spruce,30,19.400399781766247,16.936576029800705,2165,-0.044647304124359646,-0.044647304124359646,0,0,0,0,0,none
C19941,22874557,3,-15.984000000000009,67,5,40.0,1,11,5.265517694968714,spruce,31,19.400399781766247,16.936576029800705,2170,-0.035152277482686345,-0.035152277482686345,0,0,0,0,0,none
C19941,22874557,3,-25.98400000000001,67,5,40.0,1,11,3.0648642831556066,spruce,32,19.400399781766247,16.936576029800705,2175,-0.023523005578863512,-0.023523005578863512,0,0,0,0,0,none
C19941,22874557,3,-36.98400000000001,67,5,40.0,1,11,1.6277985714034167,spruce,33,19.400399781766247,16.936576029800705,2180,-0.013677043986142832,-0.013677043986142832,0,0,0,0,0,none
C19941,22874557,3,-47.98400000000001,67,5,40.0,1,11,0.7697672340387371,spruce,34,19.400399781766247,16.936576029800705,2185,-0.006727508441706678,-0.006727508441706678,0,0,0,0,0,none
C19941,22874557,3,-58.98400000000001,67,5,40.0,1,11,0,spruce,35,19.400399781766247,16.936576029800705,2190,0.0,0.0,0.0,0.0,0.0,0.0,0.0,none
C19941,28011111,3,50.017,41.78354081394075,5,40.0,1,11,386.66666666666663,spruce,6,1.3266966885688314,7.401683958282126,2045,2.1527621982652843,2.1527621982652843,0,0,0,0,0,none
C19941,28011111,3,48.017,43,5,40.0,1,11,338.60343627436043,spruce,7,1.3266966885688314,7.401683958282126,2050,1.7972699515587292,1.7972699515587292,0,0,0,0,0,clear cut
C19941,28011111,3,55.017,46,5,40.0,1,11,319.27259786429823,spruce,8,1.3266966885688314,7.401683958282126,2055,2.263811294602715,2.263811294602715,0,0,0,0,0,none
C19941,28011111,3,61.017,49,5,40.0,1,11,298.79990801384434,spruce,9,1.3266966885688314,7.401683958282126,2060,2.6752042238454865,2.6752042238454865,0,0,0,0,0,none
C19941,28011111,3,66.017,51,5,40.0,1,11,277.1288231535795,spruce,10,1.3266966885688314,7.401683958282126,2065,2.9465876495606524,2.9465876495606524,0,0,0,0,0,none
C19941,28011111,3,69.017,53,5,40.0,1,11,252.6236907491523,spruce,11,1.3266966885688314,7.401683958282126,2070,3.0051876598554657,3.0051876598554657,0,0,0,0,0,none
C19941,28011111,3,72.017,55,5,40.0,1,11,228.52804183486808,spruce,12,1.3266966885688314,7.401683958282126,2075,3.0298519646640427,3.0298519646640427,0,0,0,0,0,none
C19941,28011111,3,74.017,57,5,40.0,1,11,205.82768932353764,spruce,13,1.3266966885688314,7.401683958282126,2080,2.9607419159391912,2.9607419159391912,0,0,0,0,0,none
C19941,28011111,3,75.017,59,5,40.0,1,11,184.78741883265778,spruce,14,1.3266966885688314,7.401683958282126,2085,2.812666716648393,2.812666716648393,0,0,0,0,0,none
C19941,28011111,3,76.017,61,5,40.0,1,11,165.50670528603436,spruce,15,1.3266966885688314,7.401683958282126,2090,2.662648134319343,2.662648134319343,0,0,0,0,0,none
C19941,28011111,3,76.017,62,5,40.0,1,11,148.12798239142475,spruce,16,1.3266966885688314,7.401683958282126,2095,2.4209925906200938,2.4209925906200938,0,0,0,0,0,none
C19941,28011111,3,75.017,63,5,40.0,1,11,132.3894728716058,spruce,17,1.3266966885688314,7.401683958282126,2100,2.1470364267952933,2.1470364267952933,0,0,0,0,0,none
C19941,28011111,3,74.017,64,5,40.0,1,11,117.96972480702341,spruce,18,1.3266966885688314,7.401683958282126,2105,1.8969907392105965,1.8969907392105965,0,0,0,0,0,none
C19941,28011111,3,72.017,65,5,40.0,1,11,104.78185354358462,spruce,19,1.3266966885688314,7.401683958282126,2110,1.6288434749152898,1.6288434749152898,0,0,0,0,0,none
C19941,28011111,3,69.017,66,5,40.0,1,11,92.6579491983245,spruce,20,1.3266966885688314,7.401683958282126,2115,1.3537529972581646,1.3537529972581646,0,0,0,0,0,none
C19941,28011111,3,66.017,67,5,40.0,1,11,81.40707277234881,spruce,21,1.3266966885688314,7.401683958282126,2120,1.1122740324498885,1.1122740324498885,0,0,0,0,0,none
C19941,28011111,3,62.016999999999996,68,5,40.0,1,11,70.98261459948387,spruce,22,1.3266966885688314,7.401683958282126,2125,0.8751815383609118,0.8751815383609118,0,0,0,0,0,none
C19941,28011111,3,58.016999999999996,69,5,40.0,1,11,61.24710343249277,spruce,23,1.3266966885688314,7.401683958282126,2130,0.6734679920333199,0.6734679920333199,0,0,0,0,0,none
C19941,28011111,3,53.016999999999996,70,5,40.0,1,11,52.26055159011454,spruce,24,1.3266966885688314,7.401683958282126,2135,0.48634523322046735,0.48634523322046735,0,0,0,0,0,none
C19941,28011111,3,48.016999999999996,70,5,40.0,1,11,43.951876097971734,spruce,25,1.3266966885688314,7.401683958282126,2140,0.33254679312623864,0.33254679312623864,0,0,0,0,0,none
C19941,28011111,3,42.016999999999996,70,5,40.0,1,11,36.38219712310053,spruce,26,1.3266966885688314,7.401683958282126,2145,0.20334620497846637,0.20334620497846637,0,0,0,0,0,none
C19941,28011111,3,35.016999999999996,70,5,40.0,1,11,29.506042234110385,spruce,27,1.3266966885688314,7.401683958282126,2150,0.10137543090456932,0.10137543090456932,0,0,0,0,0,none
C19941,28011111,3,27.016999999999996,70,5,40.0,1,11,23.318431708098778,spruce,28,1.3266966885688314,7.401683958282126,2155,0.027435450948522375,0.027435450948522375,0,0,0,0,0,none
C19941,28011111,3,19.016999999999996,70,5,40.0,1,11,17.826377967340672,spruce,29,1.3266966885688314,7.401683958282126,2160,-0.015461350499859545,-0.015461350499859545,0,0,0,0,0,none
C19941,28011111,3,10.016999999999996,70,5,40.0,1,11,13.127614105508226,spruce,30,1.3266966885688314,7.401683958282126,2165,-0.03819270221942511,-0.03819270221942511,0,0,0,0,0,none
C19941,28011111,3,1.016999999999996,70,5,40.0,1,11,9.215189158137692,spruce,31,1.3266966885688314,7.401683958282126,2170,-0.043116500126835336,-0.043116500126835336,0,0,0,0,0,none
C19941,28011111,3,-8.983000000000004,70,5,40.0,1,11,6.115231101898838,spruce,32,1.3266966885688314,7.401683958282126,2175,-0.03868113147510472,-0.03868113147510472,0,0,0,0,0,none
C19941,28011111,3,-18.983000000000004,70,5,40.0,1,11,3.7829604386344653,spruce,33,1.3266966885688314,7.401683958282126,2180,-0.0288847156167854,-0.0288847156167854,0,0,0,0,0,none
C19941,28011111,3,-28.983000000000004,70,5,40.0,1,11,2.158017543412888,spruce,34,1.3266966885688314,7.401683958282126,2185,-0.018578724961763493,-0.018578724961763493,0,0,0,0,0,none
C19941,28011111,3,-39.983000000000004,70,5,40.0,1,11,1.1230942494372325,spruce,35,1.3266966885688314,7.401683958282126,2190,-0.010435399003845896,-0.010435399003845896,0,0,0,0,0,clear cut
C19941,28011111,3,-33.983000000000004,71,5,40.0,1,11,0.8808722212368769,spruce,36,1.3266966885688314,7.401683958282126,2195,-0.008120492561419614,-0.008120492561419614,0,0,0,0,0,none
C19941,28011111,3,-29.983000000000004,71,5,40.0,1,11,0.6821939213574476,spruce,37,1.3266966885688314,7.401683958282126,2200,-0.006091101574665119,-0.006091101574665119,0,0,0,0,0,none
C19941,28011111,3,-27.983000000000004,71,5,40.0,1,11,0.5133054627118695,spruce,38,1.3266966885688314,7.401683958282126,2205,-0.004498209507495493,-0.004498209507495493,0,0,0,0,0,none
C19941,28011111,3,-29.983000000000004,71,5,40.0,1,11,0,spruce,39,1.3266966885688314,7.401683958282126,2210,0.0,0.0,0.0,0.0,0.0,0.0,0.0,none
C19941,27885310,3,50.018,41.792135090520574,5,40.0,1,11,386.66666666666663,spruce,6,15.055111074776278,1.3307296270822988,2045,2.153186007388092,2.153186007388092,0,0,0,0,0,none
C19941,27885310,3,49.018,43,5,40.0,1,11,338.7938337001233,spruce,7,15.055111074776278,1.3307296270822988,2050,1.8636160430388813,1.8636160430388813,0,0,0,0,0,clear cut
C19941,27885310,3,56.018,46,5,40.0,1,11,319.6773858953325,spruce,8,15.055111074776278,1.3307296270822988,2055,2.3382295823057926,2.3382295823057926,0,0,0,0,0,none
C19941,27885310,3,62.018,49,5,40.0,1,11,299.4254011362479,spruce,9,15.055111074776278,1.3307296270822988,2060,2.7570699925618656,2.7570699925618656,0,0,0,0,0,none
C19941,27885310,3,67.018,51,5,40.0,1,11,277.984723303742,spruce,10,15.055111074776278,1.3307296270822988,2065,3.033208015002452,3.033208015002452,0,0,0,0,0,none
C19941,27885310,3,71.018,53,5,40.0,1,11,253.75711941371998,spruce,11,15.055111074776278,1.3307296270822988,2070,3.1709892084852664,3.1709892084852664,0,0,0,0,0,none
C19941,27885310,3,74.018,55,5,40.0,1,11,230.2341273740361,spruce,12,15.055111074776278,1.3307296270822988,2075,3.20027983722883,3.20027983722883,0,0,0,0,0,none
C19941,27885310,3,77.018,57,5,40.0,1,11,208.01630721177685,spruce,13,15.055111074776278,1.3307296270822988,2080,3.2051074106853368,3.2051074106853368,0,0,0,0,0,none
C19941,27885310,3,79.018,59,5,40.0,1,11,187.64465764783603,spruce,14,15.055111074776278,1.3307296270822988,2085,3.125654881909544,3.125654881909544,0,0,0,0,0,none
C19941,27885310,3,80.018,61,5,40.0,1,11,169.1320042621221,spruce,15,15.055111074776278,1.3307296270822988,2090,2.975307042166217,2.975307042166217,0,0,0,0,0,none
C19941,27885310,3,80.018,63,5,40.0,1,11,152.3413581839641,spruce,16,15.055111074776278,1.3307296270822988,2095,2.76659061983818,2.76659061983818,0,0,0,0,0,none
C19941,27885310,3,80.018,64,5,40.0,1,11,137.04044816545425,spruce,17,15.055111074776278,1.3307296270822988,2100,2.527725923312964,2.527725923312964,0,0,0,0,0,none
C19941,27885310,3,79.018,65,5,40.0,1,11,123.11532753540523,spruce,18,15.055111074776278,1.3307296270822988,2105,2.255584382131819,2.255584382131819,0,0,0,0,0,none
C19941,27885310,3,77.018,66,5,40.0,1,11,110.27746281504425,spruce,19,15.055111074776278,1.3307296270822988,2110,1.9602487633649581,1.9602487633649581,0,0,0,0,0,none
C19941,27885310,3,75.018,67,5,40.0,1,11,98.37853922780151,spruce,20,15.055111074776278,1.3307296270822988,2115,1.6935317066630857,1.6935317066630857,0,0,0,0,0,none
C19941,27885310,3,72.018,68,5,40.0,1,11,87.38944293324217,spruce,21,15.055111074776278,1.3307296270822988,2120,1.4183172282087086,1.4183172282087086,0,0,0,0,0,none
C19941,27885310,3,69.018,69,5,40.0,1,11,77.09806248759465,spruce,22,15.055111074776278,1.3307296270822988,2125,1.174415611881035,1.174415611881035,0,0,0,0,0,none
C19941,27885310,3,65.018,70,5,40.0,1,11,67.50715027276824,spruce,23,15.055111074776278,1.3307296270822988,2130,0.9333352341110247,0.9333352341110247,0,0,0,0,0,none
C19941,27885310,3,61.018,71,5,40.0,1,11,58.526461306487676,spruce,24,15.055111074776278,1.3307296270822988,2135,0.7268219910114093,0.7268219910114093,0,0,0,0,0,none
C19941,27885310,3,56.018,72,5,40.0,1,11,50.208167379075455,spruce,25,15.055111074776278,1.3307296270822988,2140,0.5338528533174919,0.5338528533174919,0,0,0,0,0,none
C19941,27885310,3,51.018,72,5,40.0,1,11,42.4803178788167,spruce,26,15.055111074776278,1.3307296270822988,2145,0.373003207659778,0.373003207659778,0,0,0,0,0,none
C19941,27885310,3,45.018,72,5,40.0,1,11,35.40615720572421,spruce,27,15.055111074776278,1.3307296270822988,2150,0.2362366450930507,0.2362366450930507,0,0,0,0,0,none
C19941,27885310,3,38.018,72,5,40.0,1,11,28.95542972386263,spruce,28,15.055111074776278,1.3307296270822988,2155,0.1265297450671826,0.1265297450671826,0,0,0,0,0,none
C19941,27885310,3,30.018,72,5,40.0,1,11,23.110714063221618,spruce,29,15.055111074776278,1.3307296270822988,2160,0.044976637919566236,0.044976637919566236,0,0,0,0,0,none
C19941,27885310,3,22.018,72,5,40.0,1,11,17.884715973060505,spruce,30,15.055111074776278,1.3307296270822988,2165,-0.004579815160375424,-0.004579815160375424,0,0,0,0,0,none
C19941,27885310,3,13.018,72,5,40.0,1,11,13.36586026152341,spruce,31,15.055111074776278,1.3307296270822988,2170,-0.03299828403098171,-0.03299828403098171,0,0,0,0,0,none
C19941,27885310,3,4.018000000000001,72,5,40.0,1,11,9.540825301799872,spruce,32,15.055111074776278,1.3307296270822988,2175,-0.041992385787768156,-0.041992385787768156,0,0,0,0,0,none
C19941,27885310,3,-4.981999999999999,72,5,40.0,1,11,6.471039809096393,spruce,33,15.055111074776278,1.3307296270822988,2180,-0.039172693418761846,-0.039172693418761846,0,0,0,0,0,none
C19941,27885310,3,-14.982,72,5,40.0,1,11,4.140122563610473,spruce,34,15.055111074776278,1.3307296270822988,2185,-0.03130176635209201,-0.03130176635209201,0,0,0,0,0,none
C19941,27885310,3,-24.982,72,5,40.0,1,11,2.460183513643856,spruce,35,15.055111074776278,1.3307296270822988,2190,-0.021456754631842018,-0.021456754631842018,0,0,0,0,0,clear cut
C19941,27885310,3,-17.982,72,5,40.0,1,11,2.0545228494487553,spruce,36,15.055111074776278,1.3307296270822988,2195,-0.01632365262734998,-0.01632365262734998,0,0,0,0,0,none
C19941,27885310,3,-12.982,72,5,40.0,1,11,1.7036965962772195,spruce,37,15.055111074776278,1.3307296270822988,2200,-0.012414601727550871,-0.012414601727550871,0,0,0,0,0,none
C19941,27885310,3,-10.982,72,5,40.0,1,11,1.3865041209633155,spruce,38,15.055111074776278,1.3307296270822988,2205,-0.009704548749480511,-0.009704548749480511,0,0,0,0,0,none
C19941,27885310,3,-11.982,72,5,40.0,1,11,1.0684572215683155,spruce,39,15.055111074776278,1.3307296270822988,2210,-0.007633921321798738,-0.007633921321798738,0,0,0,0,0,none
C19941,27885310,3,-14.982,72,5,40.0,1,11,0.7878932147886174,spruce,40,15.055111074776278,1.3307296270822988,2215,-0.005956937008696811,-0.005956937008696811,0,0,0,0,0,none
C19941,44013342,3,50.019,41.811583121965,5,40.0,1,11,386.66666666666663,spruce,6,3.8686856524665547,12.789217617598803,2045,2.1540525023453263,2.1540525023453263,0,0,0,0,0,none
C19941,44013342,3,49.019,43,5,40.0,1,11,338.9498910231763,spruce,7,3.8686856524665547,12.789217617598803,2050,1.864540124664495,1.864540124664495,0,0,0,0,0,clear cut
C19941,44013342,3,56.019,46,5,40.0,1,11,319.7422209089104,spruce,8,3.8686856524665547,12.789217617598803,2055,2.338775653028872,2.338775653028872,0,0,0,0,0,none
C19941,44013342,3,62.019,49,5,40.0,1,11,299.41817577742165,spruce,9,3.8686856524665547,12.789217617598803,2060,2.7570800032613736,2.7570800032613736,0,0,0,0,0,none
C19941,44013342,3,67.019,51,5,40.0,1,11,277.9316378782953,spruce,10,3.8686856524665547,12.789217617598803,2065,3.0327065466627987,3.0327065466627987,0,0,0,0,0,none
C19941,44013342,3,71.019,53,5,40.0,1,11,253.69226394546405,spruce,11,3.8686856524665547,12.789217617598803,2070,3.1702555127925884,3.1702555127925884,0,0,0,0,0,none
C19941,44013342,3,74.019,55,5,40.0,1,11,230.18514137257145,spruce,12,3.8686856524665547,12.789217617598803,2075,3.1996733869905403,3.1996733869905403,0,0,0,0,0,none
C19941,44013342,3,77.019,57,5,40.0,1,11,207.98568736344433,spruce,13,3.8686856524665547,12.789217617598803,2080,3.2047074033991088,3.2047074033991088,0,0,0,0,0,none
C19941,44013342,3,79.019,59,5,40.0,1,11,187.64497843995784,spruce,14,3.8686856524665547,12.789217617598803,2085,3.1257286478662665,3.1257286478662665,0,0,0,0,0,none
C19941,44013342,3,80.019,61,5,40.0,1,11,169.1683116047639,spruce,15,3.8686856524665547,12.789217617598803,2090,2.97601032141832,2.97601032141832,0,0,0,0,0,none
C19941,44013342,3,81.019,63,5,40.0,1,11,152.41358487786556,spruce,16,3.8686856524665547,12.789217617598803,2095,2.828560589947749,2.828560589947749,0,0,0,0,0,none
C19941,44013342,3,81.019,65,5,40.0,1,11,137.34108200910754,spruce,17,3.8686856524665547,12.789217617598803,2100,2.6290399817357124,2.6290399817357124,0,0,0,0,0,none
C19941,44013342,3,80.019,66,5,40.0,1,11,123.6031988864987,spruce,18,3.8686856524665547,12.789217617598803,2105,2.350344224866068,2.350344224866068,0,0,0,0,0,none
C19941,44013342,3,78.019,67,5,40.0,1,11,110.91734581842805,spruce,19,3.8686856524665547,12.789217617598803,2110,2.0471428188301224,2.0471428188301224,0,0,0,0,0,none
C19941,44013342,3,76.019,68,5,40.0,1,11,99.13478258645111,spruce,20,3.8686856524665547,12.789217617598803,2115,1.7727037142286683,1.7727037142286683,0,0,0,0,0,none
C19941,44013342,3,73.019,69,5,40.0,1,11,88.23325909736833,spruce,21,3.8686856524665547,12.789217617598803,2120,1.4887762084074723,1.4887762084074723,0,0,0,0,0,none
C19941,44013342,3,70.019,70,5,40.0,1,11,78.00144941217394,spruce,22,3.8686856524665547,12.789217617598803,2125,1.236488178789357,1.236488178789357,0,0,0,0,0,none
C19941,44013342,3,66.019,71,5,40.0,1,11,68.44626053738196,spruce,23,3.8686856524665547,12.789217617598803,2130,0.9863768978545301,0.9863768978545301,0,0,0,0,0,none
C19941,44013342,3,62.019000000000005,72,5,40.0,1,11,59.47755083690445,spruce,24,3.8686856524665547,12.789217617598803,2135,0.7714233248716015,0.7714233248716015,0,0,0,0,0,none
C19941,44013342,3,57.019000000000005,73,5,40.0,1,11,51.150474323279326,spruce,25,3.8686856524665547,12.789217617598803,2140,0.5698396882410388,0.5698396882410388,0,0,0,0,0,none
C19941,44013342,3,52.019000000000005,73,5,40.0,1,11,43.393688867373285,spruce,26,3.8686856524665547,12.789217617598803,2145,0.40094279508195724,0.40094279508195724,0,0,0,0,0,none
C19941,44013342,3,46.019000000000005,73,5,40.0,1,11,36.273155909968466,spruce,27,3.8686856524665547,12.789217617598803,2150,0.25661344636776945,0.25661344636776945,0,0,0,0,0,none
C19941,44013342,3,39.019000000000005,73,5,40.0,1,11,29.760272603210208,spruce,28,3.8686856524665547,12.789217617598803,2155,0.14011301545247057,0.14011301545247057,0,0,0,0,0,none
C19941,44013342,3,32.019000000000005,73,5,40.0,1,11,23.83922702112558,spruce,29,3.8686856524665547,12.789217617598803,2160,0.05992106707373671,0.05992106707373671,0,0,0,0,0,none
C19941,44013342,3,24.019000000000005,73,5,40.0,1,11,18.59858852677136,spruce,30,3.8686856524665547,12.789217617598803,2165,0.004018123189949535,0.004018123189949535,0,0,0,0,0,none
C19941,44013342,3,15.019000000000005,73,5,40.0,1,11,14.028891647544407,spruce,31,3.8686856524665547,12.789217617598803,2170,-0.029464278303161586,-0.029464278303161586,0,0,0,0,0,none
C19941,44013342,3,6.0190000000000055,73,5,40.0,1,11,10.1228991438302,spruce,32,3.8686856524665547,12.789217617598803,2175,-0.04183166396761786,-0.04183166396761786,0,0,0,0,0,none
C19941,44013342,3,-2.9809999999999945,73,5,40.0,1,11,6.952200500624516,spruce,33,3.8686856524665547,12.789217617598803,2180,-0.04088119003676843,-0.04088119003676843,0,0,0,0,0,none
C19941,44013342,3,-12.980999999999995,73,5,40.0,1,11,4.512498082554249,spruce,34,3.8686856524665547,12.789217617598803,2185,-0.03379494508184182,-0.03379494508184182,0,0,0,0,0,none
C19941,44013342,3,-22.980999999999995,73,5,40.0,1,11,2.7267513980482465,spruce,35,3.8686856524665547,12.789217617598803,2190,-0.02385147685874809,-0.02385147685874809,0,0,0,0,0,clear cut
C19941,44013342,3,-15.980999999999995,73,5,40.0,1,11,2.2930909661432755,spruce,36,3.8686856524665547,12.789217617598803,2195,-0.01812329183568283,-0.01812329183568283,0,0,0,0,0,none
C19941,44013342,3,-10.980999999999995,73,5,40.0,1,11,1.9150411410318924,spruce,37,3.8686856524665547,12.789217617598803,2200,-0.013779643962897355,-0.013779643962897355,0,0,0,0,0,none
C19941,44013342,3,-7.9809999999999945,73,5,40.0,1,11,1.5704021001960462,spruce,38,3.8686856524665547,12.789217617598803,2205,-0.01056662404782973,-0.01056662404782973,0,0,0,0,0,none
C19941,44013342,3,-8.980999999999995,73,5,40.0,1,11,1.2270504912312197,spruce,39,3.8686856524665547,12.789217617598803,2210,-0.008451608052573048,-0.008451608052573048,0,0,0,0,0,none
C19941,44013342,3,-11.980999999999995,73,5,40.0,1,11,0.9193622671098932,spruce,40,3.8686856524665547,12.789217617598803,2215,-0.006751878320938866,-0.006751878320938866,0,0,0,0,0,none
C19941,88272519,3,50.02,41.86149198061025,5,40.0,1,11,373.33333333333337,spruce,7,12.086209658399465,10.99095843017125,2050,2.0818106510175665,2.0818106510175665,0,0,0,0,0,clear cut
C19941,88272519,3,57.02,45,5,40.0,1,11,352.42090250479185,spruce,8,12.086209658399465,10.99095843017125,2055,2.607865295746804,2.607865295746804,0,0,0,0,0,none
C19941,88272519,3,63.02,48,5,40.0,1,11,330.28694380246725,spruce,9,12.086209658399465,10.99095843017125,2060,3.068729657904281,3.068729657904281,0,0,0,0,0,none
C19941,88272519,3,68.02000000000001,50,5,40.0,1,11,306.8843644165391,spruce,10,12.086209658399465,10.99095843017125,2065,3.372323298598105,3.372323298598105,0,0,0,0,0,none
C19941,88272519,3,72.02000000000001,52,5,40.0,1,11,280.4826574003622,spruce,11,12.086209658399465,10.99095843017125,2070,3.5259979682968123,3.5259979682968123,0,0,0,0,0,none
C19941,88272519,3,76.02000000000001,54,5,40.0,1,11,254.8652739568545,spruce,12,12.086209658399465,10.99095843017125,2075,3.6438393967879206,3.6438393967879206,0,0,0,0,0,none
C19941,88272519,3,79.02000000000001,56,5,40.0,1,11,230.96717605550964,spruce,13,12.086209658399465,10.99095843017125,2080,3.655691903519745,3.655691903519745,0,0,0,0,0,none
C19941,88272519,3,82.02000000000001,58,5,40.0,1,11,209.0133809180012,spruce,14,12.086209658399465,10.99095843017125,2085,3.650741362368763,3.650741362368763,0,0,0,0,0,none
C19941,88272519,3,84.02000000000001,60,5,40.0,1,11,189.28294484099393,spruce,15,12.086209658399465,10.99095843017125,2090,3.564117327498937,3.564117327498937,0,0,0,0,0,none
C19941,88272519,3,85.02000000000001,62,5,40.0,1,11,171.54173717207462,spruce,16,12.086209658399465,10.99095843017125,2095,3.406547787844066,3.406547787844066,0,0,0,0,0,none
C19941,88272519,3,85.02000000000001,64,5,40.0,1,11,155.48979727268843,spruce,17,12.086209658399465,10.99095843017125,2100,3.1876759635994416,3.1876759635994416,0,0,0,0,0,none
C19941,88272519,3,85.02000000000001,66,5,40.0,1,11,140.77546018056012,spruce,18,12.086209658399465,10.99095843017125,2105,2.9766242925070996,2.9766242925070996,0,0,0,0,0,none
C19941,88272519,3,84.02000000000001,67,5,40.0,1,11,127.288334991776,spruce,19,12.086209658399465,10.99095843017125,2110,2.6765032285987607,2.6765032285987607,0,0,0,0,0,none
C19941,88272519,3,82.02000000000001,68,5,40.0,1,11,114.83195285942324,spruce,20,12.086209658399465,10.99095843017125,2115,2.349172999903767,2.349172999903767,0,0,0,0,0,none
C19941,88272519,3,80.02000000000001,69,5,40.0,1,11,103.2033256129364,spruce,21,12.086209658399465,10.99095843017125,2120,2.0507896692206065,2.0507896692206065,0,0,0,0,0,none
C19941,88272519,3,77.02000000000001,70,5,40.0,1,11,92.33032244253806,spruce,22,12.086209658399465,10.99095843017125,2125,1.7386028215787477,1.7386028215787477,0,0,0,0,0,none
C19941,88272519,3,74.02000000000001,71,5,40.0,1,11,82.0589507056261,spruce,23,12.086209658399465,10.99095843017125,2130,1.4586685437152178,1.4586685437152178,0,0,0,0,0,none
C19941,88272519,3,70.02000000000001,72,5,40.0,1,11,72.42879999612764,spruce,24,12.086209658399465,10.99095843017125,2135,1.1791380579339958,1.1791380579339958,0,0,0,0,0,none
C19941,88272519,3,66.02000000000001,73,5,40.0,1,11,63.35199676696207,spruce,25,12.086209658399465,10.99095843017125,2140,0.9365545677365199,0.9365545677365199,0,0,0,0,0,none
C19941,88272519,3,61.02000000000001,74,5,40.0,1,11,54.87358668204433,spruce,26,12.086209658399465,10.99095843017125,2145,0.7065866642701044,0.7065866642701044,0,0,0,0,0,none
C19941,88272519,3,56.02000000000001,75,5,40.0,1,11,46.93167479652888,spruce,27,12.086209658399465,10.99095843017125,2150,0.515883828691257,0.515883828691257,0,0,0,0,0,none
C19941,88272519,3,50.02000000000001,75,5,40.0,1,11,39.60552518548123,spruce,28,12.086209658399465,10.99095843017125,2155,0.343301894173058,0.343301894173058,0,0,0,0,0,none
C19941,88272519,3,43.02000000000001,75,5,40.0,1,11,32.852289115097044,spruce,29,12.086209658399465,10.99095843017125,2160,0.2010713584962201,0.2010713584962201,0,0,0,0,0,none
C19941,88272519,3,36.02000000000001,75,5,40.0,1,11,26.663609219364506,spruce,30,12.086209658399465,10.99095843017125,2165,0.09997585831683722,0.09997585831683722,0,0,0,0,0,none
C19941,88272519,3,28.02000000000001,75,5,40.0,1,11,21.125458012405417,spruce,31,12.086209658399465,10.99095843017125,2170,0.026536656747527174,0.026536656747527174,0,0,0,0,0,none
C19941,88272519,3,20.02000000000001,75,5,40.0,1,11,16.21462588434258,spruce,32,12.086209658399465,10.99095843017125,2175,-0.016320748245041625,-0.016320748245041625,0,0,0,0,0,none
C19941,88272519,3,11.02000000000001,75,5,40.0,1,11,12.022174945800387,spruce,33,12.086209658399465,10.99095843017125,2180,-0.039388584357575696,-0.039388584357575696,0,0,0,0,0,none
C19941,88272519,3,2.0200000000000102,75,5,40.0,1,11,8.52581497530776,spruce,34,12.086209658399465,10.99095843017125,2185,-0.04479587642843474,-0.04479587642843474,0,0,0,0,0,none
C19941,88272519,3,-6.97999999999999,75,5,40.0,1,11,5.750531681679516,spruce,35,12.086209658399465,10.99095843017125,2190,-0.039908688629316035,-0.039908688629316035,0,0,0,0,0,clear cut
C19941,88272519,3,1.0200000000000102,75,5,40.0,1,11,5.065519767680419,spruce,36,12.086209658399465,10.99095843017125,2195,-0.027636873380311813,-0.027636873380311813,0,0,0,0,0,none
C19941,88272519,3,7.02000000000001,75,5,40.0,1,11,4.445902522728996,spruce,37,12.086209658399465,10.99095843017125,2200,-0.018634569278620124,-0.018634569278620124,0,0,0,0,0,none
C19941,88272519,3,10.02000000000001,75,5,40.0,1,11,3.856749571579796,spruce,38,12.086209658399465,10.99095843017125,2205,-0.013539131921279644,-0.013539131921279644,0,0,0,0,0,none
C19941,88272519,3,10.02000000000001,75,5,40.0,1,11,3.2261950371810433,spruce,39,12.086209658399465,10.99095843017125,2210,-0.011325568176385314,-0.011325568176385314,0,0,0,0,0,none
C19941,88272519,3,8.02000000000001,75,5,40.0,1,11,2.6250312644107106,spruce,40,12.086209658399465,10.99095843017125,2215,-0.010416231510473972,-0.010416231510473972,0,0,0,0,0,none
C19941,21472986,3,50.021,41.8025189044031,5,40.0,1,11,373.33333333333337,spruce,7,3.479113333609287,2.5265903887927466,2050,2.079559444459907,2.079559444459907,0,0,0,0,0,clear cut
C19941,21472986,3,57.021,45,5,40.0,1,11,352.3198914797715,spruce,8,3.479113333609287,2.5265903887927466,2055,2.6071958042774686,2.6071958042774686,0,0,0,0,0,none
C19941,21472986,3,63.021,48,5,40.0,1,11,330.1092352419672,spruce,9,3.479113333609287,2.5265903887927466,2060,3.0671617450892894,3.0671617450892894,0,0,0,0,0,none
C19941,21472986,3,68.021,50,5,40.0,1,11,306.66268702272885,spruce,10,3.479113333609287,2.5265903887927466,2065,3.369971946554401,3.369971946554401,0,0,0,0,0,none
C19941,21472986,3,72.021,52,5,40.0,1,11,280.26002848687125,spruce,11,3.479113333609287,2.5265903887927466,2070,3.523282934980108,3.523282934980108,0,0,0,0,0,none
C19941,21472986,3,76.021,54,5,40.0,1,11,254.65318083571492,spruce,12,3.479113333609287,2.5265903887927466,2075,3.640889075721671,3.640889075721671,0,0,0,0,0,none
C19941,21472986,3,79.021,56,5,40.0,1,11,230.7913528742738,spruce,13,3.479113333609287,2.5265903887927466,2080,3.6529883273938664,3.6529883273938664,0,0,0,0,0,none
C19941,21472986,3,82.021,58,5,40.0,1,11,208.87189851899876,spruce,14,3.479113333609287,2.5265903887927466,2085,3.64834659613048,3.64834659613048,0,0,0,0,0,none
C19941,21472986,3,84.021,60,5,40.0,1,11,189.1852420819045,spruce,15,3.479113333609287,2.5265903887927466,2090,3.562350674223221,3.562350674223221,0,0,0,0,0,none
C19941,21472986,3,85.021,62,5,40.0,1,11,171.49080495514812,spruce,16,3.479113333609287,2.5265903887927466,2095,3.405605599755426,3.405605599755426,0,0,0,0,0,none
C19941,21472986,3,86.021,64,5,40.0,1,11,155.4846221384843,spruce,17,3.479113333609287,2.5265903887927466,2100,3.2529729319026557,3.2529729319026557,0,0,0,0,0,none
C19941,21472986,3,86.021,66,5,40.0,1,11,140.99718331023698,spruce,18,3.479113333609287,2.5265903887927466,2105,3.0427475478169907,3.0427475478169907,0,0,0,0,0,none
C19941,21472986,3,85.021,68,5,40.0,1,11,127.70009423176127,spruce,19,3.479113333609287,2.5265903887927466,2110,2.7825479846456953,2.7825479846456953,0,0,0,0,0,none
C19941,21472986,3,84.021,69,5,40.0,1,11,115.40104615119502,spruce,20,3.479113333609287,2.5265903887927466,2115,2.499328232805403,2.499328232805403,0,0,0,0,0,none
C19941,21472986,3,82.021,70,5,40.0,1,11,104.04753351068166,spruce,21,3.479113333609287,2.5265903887927466,2120,2.191091995803227,2.191091995803227,0,0,0,0,0,none
C19941,21472986,3,79.021,71,5,40.0,1,11,93.39911298175878,spruce,22,3.479113333609287,2.5265903887927466,2125,1.8670496800156413,1.8670496800156413,0,0,0,0,0,none
C19941,21472986,3,76.021,72,5,40.0,1,11,83.30430576819639,spruce,23,3.479113333609287,2.5265903887927466,2130,1.5751111889434328,1.5751111889434328,0,0,0,0,0,none
C19941,21472986,3,72.021,73,5,40.0,1,11,73.80664755951993,spruce,24,3.479113333609287,2.5265903887927466,2135,1.2820214508622985,1.2820214508622985,0,0,0,0,0,none
C19941,21472986,3,68.021,74,5,40.0,1,11,64.81956828949144,spruce,25,3.479113333609287,2.5265903887927466,2140,1.0261708620927525,1.0261708620927525,0,0,0,0,0,none
C19941,21472986,3,63.021,75,5,40.0,1,11,56.39100524470161,spruce,26,3.479113333609287,2.5265903887927466,2145,0.7820432857140318,0.7820432857140318,0,0,0,0,0,none
C19941,21472986,3,58.021,76,5,40.0,1,11,48.46025196478705,spruce,27,3.479113333609287,2.5265903887927466,2150,0.5780143785344674,0.5780143785344674,0,0,0,0,0,none
C19941,21472986,3,52.021,76,5,40.0,1,11,41.10928409524486,spruce,28,3.479113333609287,2.5265903887927466,2155,0.39143780008550694,0.39143780008550694,0,0,0,0,0,none
C19941,21472986,3,46.021,76,5,40.0,1,11,34.29746385864906,spruce,29,3.479113333609287,2.5265903887927466,2160,0.2485763919216387,0.2485763919216387,0,0,0,0,0,none
C19941,21472986,3,39.021,76,5,40.0,1,11,28.105337839217693,spruce,30,3.479113333609287,2.5265903887927466,2165,0.1337980839815168,0.1337980839815168,0,0,0,0,0,none
C19941,21472986,3,31.021,76,5,40.0,1,11,22.510185906179935,spruce,31,3.479113333609287,2.5265903887927466,2170,0.048112908141176886,0.048112908141176886,0,0,0,0,0,none
C19941,21472986,3,23.021,76,5,40.0,1,11,17.493517951886805,spruce,32,3.479113333609287,2.5265903887927466,2175,-0.004409447022391636,-0.004409447022391636,0,0,0,0,0,none
C19941,21472986,3,14.021,76,5,40.0,1,11,13.155674694708182,spruce,33,3.479113333609287,2.5265903887927466,2180,-0.035004188504187454,-0.035004188504187454,0,0,0,0,0,none
C19941,21472986,3,5.021000000000001,76,5,40.0,1,11,9.484179052269344,spruce,34,3.479113333609287,2.5265903887927466,2185,-0.045273823117015784,-0.045273823117015784,0,0,0,0,0,none
C19941,21472986,3,-3.978999999999999,76,5,40.0,1,11,6.519191212759579,spruce,35,3.479113333609287,2.5265903887927466,2190,-0.042965421811777135,-0.042965421811777135,0,0,0,0,0,clear cut
C19941,21472986,3,4.021000000000001,76,5,40.0,1,11,5.783435404702892,spruce,36,3.479113333609287,2.5265903887927466,2195,-0.02885999907255907,-0.02885999907255907,0,0,0,0,0,none
C19941,21472986,3,10.021,76,5,40.0,1,11,5.112141698561198,spruce,37,3.479113333609287,2.5265903887927466,2200,-0.018589467321446486,-0.018589467321446486,0,0,0,0,0,none
C19941,21472986,3,14.021,76,5,40.0,1,11,4.468279309710864,spruce,38,3.479113333609287,2.5265903887927466,2205,-0.011889051293537562,-0.011889051293537562,0,0,0,0,0,none
C19941,21472986,3,14.021,76,5,40.0,1,11,3.7835547391872395,spruce,39,3.479113333609287,2.5265903887927466,2210,-0.010067158574519595,-0.010067158574519595,0,0,0,0,0,none
C19941,21472986,3,12.021,76,5,40.0,1,11,3.121612361883627,spruce,40,3.479113333609287,2.5265903887927466,2215,-0.009851362182988852,-0.009851362182988852,0,0,0,0,0,none
C19941,46730881,3,50.022,41.830096410162405,5,40.0,1,11,373.33333333333337,spruce,7,0.43049610548395956,18.95940422435362,2050,2.080716270469147,2.080716270469147,0,0,0,0,0,clear cut
C19941,46730881,3,57.022,45,5,40.0,1,11,352.21857867768614,spruce,8,0.43049610548395956,18.95940422435362,2055,2.606524035616483,2.606524035616483,0,0,0,0,0,none
C19941,46730881,3,63.022,48,5,40.0,1,11,329.93119095143743,spruce,9,0.43049610548395956,18.95940422435362,2060,3.0655906239905275,3.0655906239905275,0,0,0,0,0,none
C19941,46730881,3,68.02199999999999,50,5,40.0,1,11,306.44080123577726,spruce,10,0.43049610548395956,18.95940422435362,2065,3.3676181827521234,3.3676181827521234,0,0,0,0,0,none
C19941,46730881,3,72.02199999999999,52,5,40.0,1,11,280.03730047489364,spruce,11,0.43049610548395956,18.95940422435362,2070,3.5205665235823678,3.5205665235823678,0,0,0,0,0,none
C19941,46730881,3,76.02199999999999,54,5,40.0,1,11,254.4410507097088,spruce,12,0.43049610548395956,18.95940422435362,2075,3.637938089638598,3.637938089638598,0,0,0,0,0,none
C19941,46730881,3,79.02199999999999,56,5,40.0,1,11,230.61539319075624,spruce,13,0.43049610548395956,18.95940422435362,2080,3.650282470428887,3.650282470428887,0,0,0,0,0,none
C19941,46730881,3,82.02199999999999,58,5,40.0,1,11,208.73018410395588,spruce,14,0.43049610548395956,18.95940422435362,2085,3.6459476742273265,3.6459476742273265,0,0,0,0,0,none
C19941,46730881,3,84.02199999999999,60,5,40.0,1,11,189.08713413999243,spruce,15,0.43049610548395956,18.95940422435362,2090,3.5605763163097937,3.5605763163097937,0,0,0,0,0,none
C19941,46730881,3,85.02199999999999,62,5,40.0,1,11,171.43927154459863,spruce,16,0.43049610548395956,18.95940422435362,2095,3.404651431805691,3.404651431805691,0,0,0,0,0,none
C19941,46730881,3,86.02199999999999,64,5,40.0,1,11,155.46935425952012,spruce,17,0.43049610548395956,18.95940422435362,2100,3.2527190757215565,3.2527190757215565,0,0,0,0,0,none
C19941,46730881,3,86.02199999999999,66,5,40.0,1,11,141.01755748746902,spruce,18,0.43049610548395956,18.95940422435362,2105,3.0432488332832586,3.0432488332832586,0,0,0,0,0,none
C19941,46730881,3,85.02199999999999,68,5,40.0,1,11,127.75371248216207,spruce,19,0.43049610548395956,18.95940422435362,2110,2.783773650735423,2.783773650735423,0,0,0,0,0,none
C19941,46730881,3,84.02199999999999,69,5,40.0,1,11,115.47879123211108,spruce,20,0.43049610548395956,18.95940422435362,2115,2.5010643435984976,2.5010643435984976,0,0,0,0,0,none
C19941,46730881,3,82.02199999999999,70,5,40.0,1,11,104.1461699375072,spruce,21,0.43049610548395956,18.95940422435362,2120,2.1932164188317222,2.1932164188317222,0,0,0,0,0,none
C19941,46730881,3,80.02199999999999,71,5,40.0,1,11,93.5147888397285,spruce,22,0.43049610548395956,18.95940422435362,2125,1.9117649527939464,1.9117649527939464,0,0,0,0,0,none
C19941,46730881,3,77.02199999999999,72,5,40.0,1,11,83.5631621619132,spruce,23,0.43049610548395956,18.95940422435362,2130,1.6176495620919598,1.6176495620919598,0,0,0,0,0,none
C19941,46730881,3,73.02199999999999,73,5,40.0,1,11,74.18273632061872,spruce,24,0.43049610548395956,18.95940422435362,2135,1.3214736713594188,1.3214736713594188,0,0,0,0,0,none
C19941,46730881,3,69.02199999999999,74,5,40.0,1,11,65.28683383228787,spruce,25,0.43049610548395956,18.95940422435362,2140,1.0620780602821278,1.0620780602821278,0,0,0,0,0,none
C19941,46730881,3,64.02199999999999,75,5,40.0,1,11,56.92568457593124,spruce,26,0.43049610548395956,18.95940422435362,2145,0.8136884571398737,0.8136884571398737,0,0,0,0,0,none
C19941,46730881,3,59.02199999999999,76,5,40.0,1,11,49.03884922356458,spruce,27,0.43049610548395956,18.95940422435362,2150,0.605225186714431,0.605225186714431,0,0,0,0,0,none
C19941,46730881,3,54.02199999999999,76,5,40.0,1,11,41.71003545223523,spruce,28,0.43049610548395956,18.95940422435362,2155,0.43001273843713533,0.43001273843713533,0,0,0,0,0,none
C19941,46730881,3,48.02199999999999,76,5,40.0,1,11,34.993421126998925,spruce,29,0.43049610548395956,18.95940422435362,2160,0.2796499324473829,0.2796499324473829,0,0,0,0,0,none
C19941,46730881,3,41.02199999999999,76,5,40.0,1,11,28.853408013054214,spruce,30,0.43049610548395956,18.95940422435362,2165,0.15734545664269253,0.15734545664269253,0,0,0,0,0,none
C19941,46730881,3,34.02199999999999,76,5,40.0,1,11,23.270484845782143,spruce,31,0.43049610548395956,18.95940422435362,2170,0.07199928655885034,0.07199928655885034,0,0,0,0,0,none
C19941,46730881,3,26.02199999999999,76,5,40.0,1,11,18.299039552075328,spruce,32,0.43049610548395956,18.95940422435362,2175,0.011288333031226293,0.011288333031226293,0,0,0,0,0,none
C19941,46730881,3,18.02199999999999,76,5,40.0,1,11,13.948088201342884,spruce,33,0.43049610548395956,18.95940422435362,2180,-0.022686443761863438,-0.022686443761863438,0,0,0,0,0,none
C19941,46730881,3,9.021999999999991,76,5,40.0,1,11,10.265031768022686,spruce,34,0.43049610548395956,18.95940422435362,2185,-0.03973454646520195,-0.03973454646520195,0,0,0,0,0,none
C19941,46730881,3,0.02199999999999136,76,5,40.0,1,11,7.225905994544695,spruce,35,0.43049610548395956,18.95940422435362,2190,-0.04205029462376432,-0.04205029462376432,0,0,0,0,0,clear cut
C19941,46730881,3,8.021999999999991,76,5,40.0,1,11,6.46685873894318,spruce,36,0.43049610548395956,18.95940422435362,2195,-0.026526902176057125,-0.026526902176057125,0,0,0,0,0,none
C19941,46730881,3,14.021999999999991,76,5,40.0,1,11,5.766754142434206,spruce,37,0.43049610548395956,18.95940422435362,2200,-0.015342542011404527,-0.015342542011404527,0,0,0,0,0,none
C19941,46730881,3,18.02199999999999,76,5,40.0,1,11,5.0878954406518115,spruce,38,0.43049610548395956,18.95940422435362,2205,-0.008275417542131387,-0.008275417542131387,0,0,0,0,0,none
C19941,46730881,3,18.02199999999999,76,5,40.0,1,11,4.3570342344922155,spruce,39,0.43049610548395956,18.95940422435362,2210,-0.007086678167105709,-0.007086678167105709,0,0,0,0,0,none
C19941,46730881,3,16.02199999999999,76,5,40.0,1,11,3.6413381917680896,spruce,40,0.43049610548395956,18.95940422435362,2215,-0.007831822181480057,-0.007831822181480057,0,0,0,0,0,none
C19941,86989975,3,50.023,41.79789549823635,5,40.0,1,11,546.6666666666666,spruce,8,0.31066551101671447,11.869628163932743,2055,3.045009803754933,3.045009803754933,0,0,0,0,0,none
C19941,86989975,3,55.023,44,5,40.0,1,11,507.97695353207456,spruce,9,0.31066551101671447,11.869628163932743,2060,3.4704687575242734,3.4704687575242734,0,0,0,0,0,none
C19941,86989975,3,59.023,46,5,40.0,1,11,467.10345207043343,spruce,10,0.31066551101671447,11.869628163932743,2065,3.736610847820567,3.736610847820567,0,0,0,0,0,none
C19941,86989975,3,62.023,48,5,40.0,1,11,421.22583090660794,spruce,11,0.31066551101671447,11.869628163932743,2070,3.808294911697267,3.808294911697267,0,0,0,0,0,none
C19941,86989975,3,64.023,50,5,40.0,1,11,376.8479409442298,spruce,12,0.31066551101671447,11.869628163932743,2075,3.7326488962417974,3.7326488962417974,0,0,0,0,0,none
C19941,86989975,3,65.023,52,5,40.0,1,11,335.1644894662417,spruce,13,0.31066551101671447,11.869628163932743,2080,3.5337500300151627,3.5337500300151627,0,0,0,0,0,none
C19941,86989975,3,65.023,53,5,40.0,1,11,296.6202278181689,spruce,14,0.31066551101671447,11.869628163932743,2085,3.182229389680181,3.182229389680181,0,0,0,0,0,none
C19941,86989975,3,64.023,54,5,40.0,1,11,261.4539293257353,spruce,15,0.31066551101671447,11.869628163932743,2090,2.776849668663422,2.776849668663422,0,0,0,0,0,none
C19941,86989975,3,63.022999999999996,55,5,40.0,1,11,229.47428150673716,spruce,16,0.31066551101671447,11.869628163932743,2095,2.4102193197993507,2.4102193197993507,0,0,0,0,0,none
C19941,86989975,3,61.022999999999996,56,5,40.0,1,11,200.69498737774666,spruce,17,0.31066551101671447,11.869628163932743,2100,2.0228184247554104,2.0228184247554104,0,0,0,0,0,none
C19941,86989975,3,59.022999999999996,57,5,40.0,1,11,174.5443172194549,spruce,18,0.31066551101671447,11.869628163932743,2105,1.682765194221727,1.682765194221727,0,0,0,0,0,none
C19941,86989975,3,56.022999999999996,58,5,40.0,1,11,150.89601173736605,spruce,19,0.31066551101671447,11.869628163932743,2110,1.3421040362059702,1.3421040362059702,0,0,0,0,0,none
C19941,86989975,3,53.022999999999996,59,5,40.0,1,11,129.4002135523697,spruce,20,0.31066551101671447,11.869628163932743,2115,1.0528820835699904,1.0528820835699904,0,0,0,0,0,none
C19941,86989975,3,49.022999999999996,60,5,40.0,1,11,110.02719426116568,spruce,21,0.31066551101671447,11.869628163932743,2120,0.779267895357219,0.779267895357219,0,0,0,0,0,none
C19941,86989975,3,44.022999999999996,60,5,40.0,1,11,92.37760585359142,spruce,22,0.31066551101671447,11.869628163932743,2125,0.52586358962322,0.52586358962322,0,0,0,0,0,none
C19941,86989975,3,38.022999999999996,60,5,40.0,1,11,76.24722496091562,spruce,23,0.31066551101671447,11.869628163932743,2130,0.3141196958880911,0.3141196958880911,0,0,0,0,0,none
C19941,86989975,3,31.022999999999996,60,5,40.0,1,11,61.57052350764672,spruce,24,0.31066551101671447,11.869628163932743,2135,0.1487564069867144,0.1487564069867144,0,0,0,0,0,none
C19941,86989975,3,23.022999999999996,60,5,40.0,1,11,48.33339984992485,spruce,25,0.31066551101671447,11.869628163932743,2140,0.03102717465346105,0.03102717465346105,0,0,0,0,0,none
C19941,86989975,3,15.022999999999996,60,5,40.0,1,11,36.58158821930697,spruce,26,0.31066551101671447,11.869628163932743,2145,-0.034664754015103875,-0.034664754015103875,0,0,0,0,0,none
C19941,86989975,3,6.022999999999996,60,5,40.0,1,11,26.547079382365897,spruce,27,0.31066551101671447,11.869628163932743,2150,-0.06677228195829162,-0.06677228195829162,0,0,0,0,0,none
C19941,86989975,3,-2.977000000000004,60,5,40.0,1,11,18.26247900634511,spruce,28,0.31066551101671447,11.869628163932743,2155,-0.07029790163891037,-0.07029790163891037,0,0,0,0,0,none
C19941,86989975,3,-12.977000000000004,60,5,40.0,1,11,11.810878467700968,spruce,29,0.31066551101671447,11.869628163932743,2160,-0.059735442547465385,-0.059735442547465385,0,0,0,0,0,none
C19941,86989975,3,-22.977000000000004,60,5,40.0,1,11,7.0613915199522665,spruce,30,0.31066551101671447,11.869628163932743,2165,-0.04221058483571187,-0.04221058483571187,0,0,0,0,0,none
C19941,86989975,3,-33.977000000000004,60,5,40.0,1,11,3.8563075867546917,spruce,31,0.31066551101671447,11.869628163932743,2170,-0.025669886047120075,-0.025669886047120075,0,0,0,0,0,none
C19941,86989975,3,-44.977000000000004,60,5,40.0,1,11,1.8738017070965496,spruce,32,0.31066551101671447,11.869628163932743,2175,-0.01309154139966321,-0.01309154139966321,0,0,0,0,0,none
C19941,86989975,3,-55.977000000000004,60,5,40.0,1,11,0.7983691896553516,spruce,33,0.31066551101671447,11.869628163932743,2180,-0.005562819548777607,-0.005562819548777607,0,0,0,0,0,none
C19941,86989975,3,-66.977,60,5,40.0,1,11,0,spruce,34,0.31066551101671447,11.869628163932743,2185,0.0,0.0,0.0,0.0,0.0,0.0,0.0,none
C19941,01314638,3,50.024,41.80550778610745,5,40.0,1,11,546.6666666666666,spruce,8,6.304896061907459,17.857774170503028,2055,3.0455524877340716,3.0455524877340716,0,0,0,0,0,none
C19941,01314638,3,54.024,44,5,40.0,1,11,507.8294609092813,spruce,9,6.304896061907459,17.857774170503028,2060,3.362680418029067,3.362680418029067,0,0,0,0,0,none
C19941,01314638,3,57.024,46,5,40.0,1,11,466.26137510517816,spruce,10,6.304896061907459,17.857774170503028,2065,3.516312414402544,3.516312414402544,0,0,0,0,0,none
C19941,01314638,3,59.024,48,5,40.0,1,11,419.11130095979746,spruce,11,6.304896061907459,17.857774170503028,2070,3.4796446570944255,3.4796446570944255,0,0,0,0,0,none
C19941,01314638,3,60.024,50,5,40.0,1,11,373.0839885121885,spruce,12,6.304896061907459,17.857774170503028,2075,3.30508099355732,3.30508099355732,0,0,0,0,0,none
C19941,01314638,3,60.024,51,5,40.0,1,11,329.5235363420252,spruce,13,6.304896061907459,17.857774170503028,2080,2.9704440695790493,2.9704440695790493,0,0,0,0,0,none
C19941,01314638,3,59.024,52,5,40.0,1,11,289.0023929596944,spruce,14,6.304896061907459,17.857774170503028,2085,2.572739207041971,2.572739207041971,0,0,0,0,0,none
C19941,01314638,3,58.024,53,5,40.0,1,11,251.86975492746808,spruce,15,6.304896061907459,17.857774170503028,2090,2.2114641595044926,2.2114641595044926,0,0,0,0,0,none
C19941,01314638,3,56.024,54,5,40.0,1,11,218.46757815569862,spruce,16,6.304896061907459,17.857774170503028,2095,1.830138706404882,1.830138706404882,0,0,0,0,0,none
C19941,01314638,3,54.024,55,5,40.0,1,11,188.33933918782125,spruce,17,6.304896061907459,17.857774170503028,2100,1.499330635428833,1.499330635428833,0,0,0,0,0,none
C19941,01314638,3,51.024,56,5,40.0,1,11,161.33441481380854,spruce,18,6.304896061907459,17.857774170503028,2105,1.1715845261885272,1.1715845261885272,0,0,0,0,0,none
C19941,01314638,3,48.024,57,5,40.0,1,11,136.9307229753789,spruce,19,6.304896061907459,17.857774170503028,2110,0.8972715578999813,0.8972715578999813,0,0,0,0,0,none
C19941,01314638,3,43.024,57,5,40.0,1,11,115.13444464720862,spruce,20,6.304896061907459,17.857774170503028,2115,0.6054312920143627,0.6054312920143627,0,0,0,0,0,none
C19941,01314638,3,37.024,57,5,40.0,1,11,95.3064412771028,spruce,21,6.304896061907459,17.857774170503028,2120,0.361759504419935,0.361759504419935,0,0,0,0,0,none
C19941,01314638,3,30.024,57,5,40.0,1,11,77.2024256529425,spruce,22,6.304896061907459,17.857774170503028,2125,0.17091737211636265,0.17091737211636265,0,0,0,0,0,none
C19941,01314638,3,23.024,57,5,40.0,1,11,60.773772761686175,spruce,23,6.304896061907459,17.857774170503028,2130,0.04656807437616315,0.04656807437616315,0,0,0,0,0,none
C19941,01314638,3,15.024000000000001,57,5,40.0,1,11,46.31842832863246,spruce,24,6.304896061907459,17.857774170503028,2135,-0.03352620270697481,-0.03352620270697481,0,0,0,0,0,none
C19941,01314638,3,7.024000000000001,57,5,40.0,1,11,33.85698368582281,spruce,25,6.304896061907459,17.857774170503028,2140,-0.0690198259374139,-0.0690198259374139,0,0,0,0,0,none
C19941,01314638,3,-1.975999999999999,57,5,40.0,1,11,23.58621654075808,spruce,26,6.304896061907459,17.857774170503028,2145,-0.07802551195279528,-0.07802551195279528,0,0,0,0,0,none
C19941,01314638,3,-11.975999999999999,57,5,40.0,1,11,15.444134032177077,spruce,27,6.304896061907459,17.857774170503028,2150,-0.06885673874328384,-0.06885673874328384,0,0,0,0,0,none
C19941,01314638,3,-21.976,57,5,40.0,1,11,9.346351456943726,spruce,28,6.304896061907459,17.857774170503028,2155,-0.04986128362421483,-0.04986128362421483,0,0,0,0,0,none
C19941,01314638,3,-32.976,57,5,40.0,1,11,5.160903538951265,spruce,29,6.304896061907459,17.857774170503028,2160,-0.030874982008093774,-0.030874982008093774,0,0,0,0,0,none
C19941,01314638,3,-43.976,57,5,40.0,1,11,2.538103923909074,spruce,30,6.304896061907459,17.857774170503028,2165,-0.015986610497579472,-0.015986610497579472,0,0,0,0,0,none
C19941,01314638,3,-55.976,57,5,40.0,1,11,1.0925265118548333,spruce,31,6.304896061907459,17.857774170503028,2170,-0.006845238392766743,-0.006845238392766743,0,0,0,0,0,none
C19941,01314638,3,-66.976,57,5,40.0,1,11,0,spruce,32,6.304896061907459,17.857774170503028,2175,0.0,0.0,0.0,0.0,0.0,0.0,0.0,none
C19941,09110850,3,50.025,41.80449670741639,5,40.0,1,11,546.6666666666666,spruce,8,15.758584676510086,12.240623540898678,2055,3.0455978177498157,3.0455978177498157,0,0,0,0,0,none
C19941,09110850,3,54.025,44,5,40.0,1,11,507.73031125882443,spruce,9,15.758584676510086,12.240623540898678,2060,3.3621302124444665,3.3621302124444665,0,0,0,0,0,none
C19941,09110850,3,57.025,46,5,40.0,1,11,466.13956733264155,spruce,10,15.758584676510086,12.240623540898678,2065,3.515499577616588,3.515499577616588,0,0,0,0,0,none
C19941,09110850,3,59.025,48,5,40.0,1,11,419.0599166083023,spruce,11,15.758584676510086,12.240623540898678,2070,3.4793197920612506,3.4793197920612506,0,0,0,0,0,none
C19941,09110850,3,60.025,50,5,40.0,1,11,373.15367957594793,spruce,12,15.758584676510086,12.240623540898678,2075,3.3057941953170453,3.3057941953170453,0,0,0,0,0,none
C19941,09110850,3,60.025,51,5,40.0,1,11,329.73159326732144,spruce,13,15.758584676510086,12.240623540898678,2080,2.9724061806389184,2.9724061806389184,0,0,0,0,0,none
C19941,09110850,3,60.025,52,5,40.0,1,11,289.34036555358267,spruce,14,15.758584676510086,12.240623540898678,2085,2.653175286785931,2.653175286785931,0,0,0,0,0,none
C19941,09110850,3,59.025,53,5,40.0,1,11,252.80905974397513,spruce,15,15.758584676510086,12.240623540898678,2090,2.288215688004023,2.288215688004023,0,0,0,0,0,none
C19941,09110850,3,57.025,54,5,40.0,1,11,219.86529521401573,spruce,16,15.758584676510086,12.240623540898678,2095,1.9015806437200231,1.9015806437200231,0,0,0,0,0,none
C19941,09110850,3,55.025,55,5,40.0,1,11,190.05530431042237,spruce,17,15.758584676510086,12.240623540898678,2100,1.5647288496731342,1.5647288496731342,0,0,0,0,0,none
C19941,09110850,3,52.025,56,5,40.0,1,11,163.2601421630977,spruce,18,15.758584676510086,12.240623540898678,2105,1.229634768555302,1.229634768555302,0,0,0,0,0,none
C19941,09110850,3,49.025,57,5,40.0,1,11,138.96573012297705,spruce,19,15.758584676510086,12.240623540898678,2110,0.9477575905291193,0.9477575905291193,0,0,0,0,0,none
C19941,09110850,3,45.025,57,5,40.0,1,11,117.20388000254243,spruce,20,15.758584676510086,12.240623540898678,2115,0.6760576490067924,0.6760576490067924,0,0,0,0,0,none
C19941,09110850,3,40.025,57,5,40.0,1,11,97.6200609080652,spruce,21,15.758584676510086,12.240623540898678,2120,0.4407573069284352,0.4407573069284352,0,0,0,0,0,none
C19941,09110850,3,34.025,57,5,40.0,1,11,79.87556723731944,spruce,22,15.758584676510086,12.240623540898678,2125,0.2477420283770102,0.2477420283770102,0,0,0,0,0,none
C19941,09110850,3,27.025,57,5,40.0,1,11,63.83082770310815,spruce,23,15.758584676510086,12.240623540898678,2130,0.10067675514655981,0.10067675514655981,0,0,0,0,0,none
C19941,09110850,3,19.025,57,5,40.0,1,11,49.48949035362321,spruce,24,15.758584676510086,12.240623540898678,2135,-2.5371785989568022e-05,-2.5371785989568022e-05,0,0,0,0,0,none
C19941,09110850,3,11.024999999999999,57,5,40.0,1,11,36.90027971517244,spruce,25,15.758584676510086,12.240623540898678,2140,-0.05176909665854643,-0.05176909665854643,0,0,0,0,0,none
C19941,09110850,3,2.0249999999999986,57,5,40.0,1,11,26.303169537647793,spruce,26,15.758584676510086,12.240623540898678,2145,-0.07288917824264178,-0.07288917824264178,0,0,0,0,0,none
C19941,09110850,3,-6.975000000000001,57,5,40.0,1,11,17.692539973028275,spruce,27,15.758584676510086,12.240623540898678,2150,-0.06930869298425767,-0.06930869298425767,0,0,0,0,0,none
C19941,09110850,3,-16.975,57,5,40.0,1,11,11.137394522461113,spruce,28,15.758584676510086,12.240623540898678,2155,-0.054916204637790754,-0.054916204637790754,0,0,0,0,0,none
C19941,09110850,3,-26.975,57,5,40.0,1,11,6.44055473836248,spruce,29,15.758584676510086,12.240623540898678,2160,-0.03651956029169937,-0.03651956029169937,0,0,0,0,0,none
C19941,09110850,3,-37.975,57,5,40.0,1,11,3.37910859415664,spruce,30,15.758584676510086,12.240623540898678,2165,-0.020839805800197588,-0.020839805800197588,0,0,0,0,0,none
C19941,09110850,3,-48.975,57,5,40.0,1,11,1.5679289357683608,spruce,31,15.758584676510086,12.240623540898678,2170,-0.009929346566441923,-0.009929346566441923,0,0,0,0,0,none
C19941,09110850,3,-59.975,57,5,40.0,1,11,0.6307121194663767,spruce,32,15.758584676510086,12.240623540898678,2175,-0.0038894991908249798,-0.0038894991908249798,0,0,0,0,0,none
C19941,09110850,3,-70.975,57,5,40.0,1,11,0,spruce,33,15.758584676510086,12.240623540898678,2180,0.0,0.0,0.0,0.0,0.0,0.0,0.0,none
C19941,74827663,3,50.026,41.793829679976355,5,40.0,1,11,493.33333333333337,spruce,9,15.101643769353604,13.96114496894606,2060,2.748004569727857,2.748004569727857,0,0,0,0,0,none
C19941,74827663,3,52.026,43,5,40.0,1,11,450.3464644722403,spruce,10,15.101643769353604,13.96114496894606,2065,2.743827497543726,2.743827497543726,0,0,0,0,0,none
C19941,74827663,3,53.026,44,5,40.0,1,11,401.43301618548975,spruce,11,15.101643769353604,13.96114496894606,2070,2.5746795797044073,2.5746795797044073,0,0,0,0,0,none
C19941,74827663,3,53.026,45,5,40.0,1,11,353.56896379655956,spruce,12,15.101643769353604,13.96114496894606,2075,2.3099211675742235,2.3099211675742235,0,0,0,0,0,none
C19941,74827663,3,52.026,46,5,40.0,1,11,308.22034151606687,spruce,13,15.101643769353604,13.96114496894606,2080,1.9833882752747716,1.9833882752747716,0,0,0,0,0,none
C19941,74827663,3,50.026,47,5,40.0,1,11,266.02254204215035,spruce,14,15.101643769353604,13.96114496894606,2085,1.625324074997759,1.625324074997759,0,0,0,0,0,none
C19941,74827663,3,47.026,48,5,40.0,1,11,227.4242682839146,spruce,15,15.101643769353604,13.96114496894606,2090,1.263410883298752,1.263410883298752,0,0,0,0,0,none
C19941,74827663,3,43.026,49,5,40.0,1,11,192.38307135174665,spruce,16,15.101643769353604,13.96114496894606,2095,0.9191366865350531,0.9191366865350531,0,0,0,0,0,none
C19941,74827663,3,38.026,49,5,40.0,1,11,160.61865819975216,spruce,17,15.101643769353604,13.96114496894606,2100,0.6027288924419769,0.6027288924419769,0,0,0,0,0,none
C19941,74827663,3,32.026,49,5,40.0,1,11,131.81722508921766,spruce,18,15.101643769353604,13.96114496894606,2105,0.3427443444602864,0.3427443444602864,0,0,0,0,0,none
C19941,74827663,3,26.026000000000003,49,5,40.0,1,11,105.75003379037213,spruce,19,15.101643769353604,13.96114496894606,2110,0.162064958720727,0.162064958720727,0,0,0,0,0,none
C19941,74827663,3,19.026000000000003,49,5,40.0,1,11,82.76826563978734,spruce,20,15.101643769353604,13.96114496894606,2115,0.03262080363650406,0.03262080363650406,0,0,0,0,0,none
C19941,74827663,3,12.026000000000003,49,5,40.0,1,11,62.736928203958726,spruce,21,15.101643769353604,13.96114496894606,2120,-0.039454776554465464,-0.039454776554465464,0,0,0,0,0,none
C19941,74827663,3,4.026000000000003,49,5,40.0,1,11,45.77289782490855,spruce,22,15.101643769353604,13.96114496894606,2125,-0.07583449632663676,-0.07583449632663676,0,0,0,0,0,none
C19941,74827663,3,-4.973999999999997,49,5,40.0,1,11,31.76274862745536,spruce,23,15.101643769353604,13.96114496894606,2130,-0.08362967852289553,-0.08362967852289553,0,0,0,0,0,none
C19941,74827663,3,-13.973999999999997,49,5,40.0,1,11,20.666508845758884,spruce,24,15.101643769353604,13.96114496894606,2135,-0.07064621335379959,-0.07064621335379959,0,0,0,0,0,none
C19941,74827663,3,-23.973999999999997,49,5,40.0,1,11,12.477120978501821,spruce,25,15.101643769353604,13.96114496894606,2140,-0.05074927032264567,-0.05074927032264567,0,0,0,0,0,none
C19941,74827663,3,-33.974,49,5,40.0,1,11,6.844070488370766,spruce,26,15.101643769353604,13.96114496894606,2145,-0.030667508090957588,-0.030667508090957588,0,0,0,0,0,none
C19941,74827663,3,-44.974,49,5,40.0,1,11,3.3593218460086973,spruce,27,15.101643769353604,13.96114496894606,2150,-0.015667012899033675,-0.015667012899033675,0,0,0,0,0,none
C19941,74827663,3,-55.974,49,5,40.0,1,11,1.4352150854239647,spruce,28,15.101643769353604,13.96114496894606,2155,-0.0065469496425879055,-0.0065469496425879055,0,0,0,0,0,none
C19941,74827663,3,-66.97399999999999,49,5,40.0,1,11,0.5233209447985249,spruce,29,15.101643769353604,13.96114496894606,2160,-0.002184661139353352,-0.002184661139353352,0,0,0,0,0,none
C19941,74827663,3,-78.97399999999999,50,5,40.0,1,11,0,spruce,30,15.101643769353604,13.96114496894606,2165,0.0,0.0,0.0,0.0,0.0,0.0,0.0,none
C19941,06823645,3,50.027,41.78986267408115,5,40.0,1,11,493.33333333333337,spruce,9,13.415775815751745,9.017478728266983,2060,2.7478915491383353,2.7478915491383353,0,0,0,0,0,none
C19941,06823645,3,52.027,43,5,40.0,1,11,450.3619878271499,spruce,10,13.415775815751745,9.017478728266983,2065,2.7440121069392216,2.7440121069392216,0,0,0,0,0,none
C19941,06823645,3,53.027,44,5,40.0,1,11,401.5426606284039,spruce,11,13.415775815751745,9.017478728266983,2070,2.575466053898599,2.575466053898599,0,0,0,0,0,none
C19941,06823645,3,53.027,45,5,40.0,1,11,353.80334649167185,spruce,12,13.415775815751745,9.017478728266983,2075,2.3115276744566264,2.3115276744566264,0,0,0,0,0,none
C19941,06823645,3,52.027,46,5,40.0,1,11,308.5780994213069,spruce,13,13.415775815751745,9.017478728266983,2080,1.9857570496546972,1.9857570496546972,0,0,0,0,0,none
C19941,06823645,3,51.027,47,5,40.0,1,11,266.48034270522356,spruce,14,13.415775815751745,9.017478728266983,2085,1.6862357571786761,1.6862357571786761,0,0,0,0,0,none
C19941,06823645,3,49.027,48,5,40.0,1,11,228.49556400861002,spruce,15,13.415775815751745,9.017478728266983,2090,1.3687777560418541,1.3687777560418541,0,0,0,0,0,none
C19941,06823645,3,46.027,49,5,40.0,1,11,194.3893797804773,spruce,16,13.415775815751745,9.017478728266983,2095,1.0538179928275158,1.0538179928275158,0,0,0,0,0,none
C19941,06823645,3,42.027,49,5,40.0,1,11,163.7266799822985,spruce,17,13.415775815751745,9.017478728266983,2100,0.7479228459471874,0.7479228459471874,0,0,0,0,0,none
C19941,06823645,3,37.027,49,5,40.0,1,11,136.06557101073395,spruce,18,13.415775815751745,9.017478728266983,2105,0.4836844088429007,0.4836844088429007,0,0,0,0,0,none
C19941,06823645,3,31.027,49,5,40.0,1,11,111.05868937936864,spruce,19,13.415775815751745,9.017478728266983,2110,0.26837410703351533,0.26837410703351533,0,0,0,0,0,none
C19941,06823645,3,24.027,49,5,40.0,1,11,88.6140959959909,spruce,20,13.415775815751745,9.017478728266983,2115,0.10595242900101064,0.10595242900101064,0,0,0,0,0,none
C19941,06823645,3,17.027,49,5,40.0,1,11,68.65312518435445,spruce,21,13.415775815751745,9.017478728266983,2120,0.0061930084834118,0.0061930084834118,0,0,0,0,0,none
C19941,06823645,3,9.027000000000001,49,5,40.0,1,11,51.35506306760694,spruce,22,13.415775815751745,9.017478728266983,2125,-0.05299186363908684,-0.05299186363908684,0,0,0,0,0,none
C19941,06823645,3,1.027000000000001,49,5,40.0,1,11,36.683775404671366,spruce,23,13.415775815751745,9.017478728266983,2130,-0.07348624265895504,-0.07348624265895504,0,0,0,0,0,none
C19941,06823645,3,-7.972999999999999,49,5,40.0,1,11,24.85567098298459,spruce,24,13.415775815751745,9.017478728266983,2135,-0.07247581465464885,-0.07247581465464885,0,0,0,0,0,none
C19941,06823645,3,-17.973,49,5,40.0,1,11,15.734260984994583,spruce,25,13.415775815751745,9.017478728266983,2140,-0.05831402359517465,-0.05831402359517465,0,0,0,0,0,none
C19941,06823645,3,-27.973,49,5,40.0,1,11,9.125931494289762,spruce,26,13.415775815751745,9.017478728266983,2145,-0.038885614345369066,-0.038885614345369066,0,0,0,0,0,none
C19941,06823645,3,-38.973,49,5,40.0,1,11,4.780194197084584,spruce,27,13.415775815751745,9.017478728266983,2150,-0.02198559342349646,-0.02198559342349646,0,0,0,0,0,none
C19941,06823645,3,-49.973,49,5,40.0,1,11,2.202917102664067,spruce,28,13.415775815751745,9.017478728266983,2155,-0.010249444979133293,-0.010249444979133293,0,0,0,0,0,none
C19941,06823645,3,-60.973,49,5,40.0,1,11,0.876177142647782,spruce,29,13.415775815751745,9.017478728266983,2160,-0.0038736504424378626,-0.0038736504424378626,0,0,0,0,0,none
C19941,06823645,3,-71.973,50,5,40.0,1,11,0,spruce,30,13.415775815751745,9.017478728266983,2165,0.0,0.0,0.0,0.0,0.0,0.0,0.0,none
C19941,91492291,3,50.028,41.85754759072499,5,40.0,1,11,493.33333333333337,spruce,9,8.029591669390811,6.3476789191655385,2060,2.7515082316194537,2.7515082316194537,0,0,0,0,0,none
C19941,91492291,3,52.028,44,5,40.0,1,11,450.37746861921323,spruce,10,8.029591669390811,6.3476789191655385,2065,2.7958877809540534,2.7958877809540534,0,0,0,0,0,none
C19941,91492291,3,53.028,45,5,40.0,1,11,401.6518334287727,spruce,11,8.029591669390811,6.3476789191655385,2070,2.6242249022084816,2.6242249022084816,0,0,0,0,0,none
C19941,91492291,3,53.028,46,5,40.0,1,11,354.0366943802408,spruce,12,8.029591669390811,6.3476789191655385,2075,2.3551871236919806,2.3551871236919806,0,0,0,0,0,none
C19941,91492291,3,53.028,47,5,40.0,1,11,308.93442502280527,spruce,13,8.029591669390811,6.3476789191655385,2080,2.091651810330486,2.091651810330486,0,0,0,0,0,none
C19941,91492291,3,52.028,48,5,40.0,1,11,267.513423382556,spruce,14,8.029591669390811,6.3476789191655385,2085,1.7817002162661335,1.7817002162661335,0,0,0,0,0,none
C19941,91492291,3,50.028,49,5,40.0,1,11,230.0376651841532,spruce,15,8.029591669390811,6.3476789191655385,2090,1.4520274954325343,1.4520274954325343,0,0,0,0,0,none
C19941,91492291,3,47.028,50,5,40.0,1,11,196.2863630702862,spruce,16,8.029591669390811,6.3476789191655385,2095,1.1236468187037176,1.1236468187037176,0,0,0,0,0,none
C19941,91492291,3,43.028,50,5,40.0,1,11,165.8425777970509,spruce,17,8.029591669390811,6.3476789191655385,2100,0.8029300003649188,0.8029300003649188,0,0,0,0,0,none
C19941,91492291,3,38.028,50,5,40.0,1,11,138.28152247545785,spruce,18,8.029591669390811,6.3476789191655385,2105,0.5243393524869082,0.5243393524869082,0,0,0,0,0,none
C19941,91492291,3,32.028,50,5,40.0,1,11,113.27024946182415,spruce,19,8.029591669390811,6.3476789191655385,2110,0.29580428574079737,0.29580428574079737,0,0,0,0,0,none
C19941,91492291,3,25.028,50,5,40.0,1,11,90.73008471361726,spruce,20,8.029591669390811,6.3476789191655385,2115,0.1219205421312644,0.1219205421312644,0,0,0,0,0,none
C19941,91492291,3,18.028,50,5,40.0,1,11,70.59495161987368,spruce,21,8.029591669390811,6.3476789191655385,2120,0.013681263077393653,0.013681263077393653,0,0,0,0,0,none
C19941,91492291,3,10.027999999999999,50,5,40.0,1,11,53.06288870755332,spruce,22,8.029591669390811,6.3476789191655385,2125,-0.051803962016794394,-0.051803962016794394,0,0,0,0,0,none
C19941,91492291,3,2.0279999999999987,50,5,40.0,1,11,38.11407973376868,spruce,23,8.029591669390811,6.3476789191655385,2130,-0.07594447980326086,-0.07594447980326086,0,0,0,0,0,none
C19941,91492291,3,-6.972000000000001,50,5,40.0,1,11,25.98978544601019,spruce,24,8.029591669390811,6.3476789191655385,2135,-0.07672301997209958,-0.07672301997209958,0,0,0,0,0,none
C19941,91492291,3,-15.972000000000001,50,5,40.0,1,11,16.575096027494165,spruce,25,8.029591669390811,6.3476789191655385,2140,-0.0616078120222,-0.0616078120222,0,0,0,0,0,none
C19941,91492291,3,-25.972,50,5,40.0,1,11,9.78318542916331,spruce,26,8.029591669390811,6.3476789191655385,2145,-0.04244369492212986,-0.04244369492212986,0,0,0,0,0,none
C19941,91492291,3,-36.972,50,5,40.0,1,11,5.230420742886208,spruce,27,8.029591669390811,6.3476789191655385,2150,-0.024816168823131018,-0.024816168823131018,0,0,0,0,0,none
C19941,91492291,3,-47.972,50,5,40.0,1,11,2.4688781893297214,spruce,28,8.029591669390811,6.3476789191655385,2155,-0.01199867711870888,-0.01199867711870888,0,0,0,0,0,none
C19941,91492291,3,-58.972,50,5,40.0,1,11,1.0094936860192179,spruce,29,8.029591669390811,6.3476789191655385,2160,-0.004729069996758656,-0.004729069996758656,0,0,0,0,0,none
C19941,91492291,3,-69.97200000000001,50,5,40.0,1,11,0,spruce,30,8.029591669390811,6.3476789191655385,2165,0.0,0.0,0.0,0.0,0.0,0.0,0.0,none
C19941,28047931,3,50.029,41.7897312337853,5,40.0,1,11,440.0,spruce,10,10.380232549281116,15.41767821003776,2065,2.450982872066062,2.450982872066062,0,0,0,0,0,none
C19941,28047931,3,49.029,43,5,40.0,1,11,391.0527205717978,spruce,11,10.380232549281116,15.41767821003776,2070,2.1519116943179633,2.1519116943179633,0,0,0,0,0,none
C19941,28047931,3,46.029,44,5,40.0,1,11,342.02803402031634,spruce,12,10.380232549281116,15.41767821003776,2075,1.7152431215490627,1.7152431215490627,0,0,0,0,0,none
C19941,28047931,3,42.029,45,5,40.0,1,11,293.90394076005094,spruce,13,10.380232549281116,15.41767821003776,2080,1.2711514645028854,1.2711514645028854,0,0,0,0,0,none
C19941,28047931,3,37.029,45,5,40.0,1,11,247.82458417802022,spruce,14,10.380232549281116,15.41767821003776,2085,0.84448568524299,0.84448568524299,0,0,0,0,0,none
C19941,28047931,3,31.029000000000003,45,5,40.0,1,11,204.82278036810783,spruce,15,10.380232549281116,15.41767821003776,2090,0.4870701838683678,0.4870701838683678,0,0,0,0,0,none
C19941,28047931,3,25.029000000000003,45,5,40.0,1,11,165.37639504653578,spruce,16,10.380232549281116,15.41767821003776,2095,0.23587279024004618,0.23587279024004618,0,0,0,0,0,none
C19941,28047931,3,18.029000000000003,45,5,40.0,1,11,130.2077639755054,spruce,17,10.380232549281116,15.41767821003776,2100,0.053949026215665725,0.053949026215665725,0,0,0,0,0,none
C19941,28047931,3,11.029000000000003,45,5,40.0,1,11,99.23403302729078,spruce,18,10.380232549281116,15.41767821003776,2105,-0.04878796529198711,-0.04878796529198711,0,0,0,0,0,none
C19941,28047931,3,3.0290000000000035,45,5,40.0,1,11,72.83521401531472,spruce,19,10.380232549281116,15.41767821003776,2110,-0.10177151133216218,-0.10177151133216218,0,0,0,0,0,none
C19941,28047931,3,-4.9709999999999965,45,5,40.0,1,11,50.97363536422866,spruce,20,10.380232549281116,15.41767821003776,2115,-0.11033297344629564,-0.11033297344629564,0,0,0,0,0,none
C19941,28047931,3,-13.970999999999997,45,5,40.0,1,11,33.77152936469903,spruce,21,10.380232549281116,15.41767821003776,2120,-0.0966606502297232,-0.0966606502297232,0,0,0,0,0,none
C19941,28047931,3,-22.970999999999997,45,5,40.0,1,11,20.798805732230253,spruce,22,10.380232549281116,15.41767821003776,2125,-0.0703976682032061,-0.0703976682032061,0,0,0,0,0,none
C19941,28047931,3,-32.971,45,5,40.0,1,11,11.756182839140537,spruce,23,10.380232549281116,15.41767821003776,2130,-0.044200911524396876,-0.044200911524396876,0,0,0,0,0,none
C19941,28047931,3,-42.971,45,5,40.0,1,11,5.95988102619036,spruce,24,10.380232549281116,15.41767821003776,2135,-0.02335459828514597,-0.02335459828514597,0,0,0,0,0,none
C19941,28047931,3,-53.971,45,5,40.0,1,11,2.665311899574391,spruce,25,10.380232549281116,15.41767821003776,2140,-0.010244286696570543,-0.010244286696570543,0,0,0,0,0,none
C19941,28047931,3,-63.971,45,5,40.0,1,11,1.0187248788142664,spruce,26,10.380232549281116,15.41767821003776,2145,-0.0036146669856347603,-0.0036146669856347603,0,0,0,0,0,none
C19941,28047931,3,-74.971,46,5,40.0,1,11,0,spruce,27,10.380232549281116,15.41767821003776,2150,0.0,0.0,0.0,0.0,0.0,0.0,0.0,none
C19941,31035976,3,50.03,41.7574871864041,5,40.0,1,11,440.0,spruce,10,6.8537781590656355,1.3641869683340824,2065,2.4495686556183442,2.4495686556183442,0,0,0,0,0,none
C19941,31035976,3,49.03,43,5,40.0,1,11,391.22287705947053,spruce,11,6.8537781590656355,1.3641869683340824,2070,2.1529238279534866,2.1529238279534866,0,0,0,0,0,none
C19941,31035976,3,46.03,44,5,40.0,1,11,342.40064789189756,spruce,12,6.8537781590656355,1.3641869683340824,2075,1.7171776683069342,1.7171776683069342,0,0,0,0,0,none
C19941,31035976,3,42.03,45,5,40.0,1,11,294.43023807718146,spruce,13,6.8537781590656355,1.3641869683340824,2080,1.2734833487039672,1.2734833487039672,0,0,0,0,0,none
C19941,31035976,3,37.03,45,5,40.0,1,11,248.43766998412926,spruce,14,6.8537781590656355,1.3641869683340824,2085,0.8466190765589481,0.8466190765589481,0,0,0,0,0,none
C19941,31035976,3,32.03,45,5,40.0,1,11,205.45287481041655,spruce,15,6.8537781590656355,1.3641869683340824,2090,0.522747342700145,0.522747342700145,0,0,0,0,0,none
C19941,31035976,3,26.03,45,5,40.0,1,11,166.52850650783407,spruce,16,6.8537781590656355,1.3641869683340824,2095,0.2630563517590682,0.2630563517590682,0,0,0,0,0,none
C19941,31035976,3,20.03,45,5,40.0,1,11,131.66564563029408,spruce,17,6.8537781590656355,1.3641869683340824,2100,0.09121614108424257,0.09121614108424257,0,0,0,0,0,none
C19941,31035976,3,13.030000000000001,45,5,40.0,1,11,101.25048716245485,spruce,18,6.8537781590656355,1.3641869683340824,2105,-0.024652729464425784,-0.024652729464425784,0,0,0,0,0,none
C19941,31035976,3,6.030000000000001,45,5,40.0,1,11,75.07444315743116,spruce,19,6.8537781590656355,1.3641869683340824,2110,-0.08061336374874052,-0.08061336374874052,0,0,0,0,0,none
C19941,31035976,3,-1.9699999999999989,45,5,40.0,1,11,53.46217991344512,spruce,20,6.8537781590656355,1.3641869683340824,2115,-0.101200019409749,-0.101200019409749,0,0,0,0,0,none
C19941,31035976,3,-9.969999999999999,45,5,40.0,1,11,36.13685398496375,spruce,21,6.8537781590656355,1.3641869683340824,2120,-0.09300407461608387,-0.09300407461608387,0,0,0,0,0,none
C19941,31035976,3,-18.97,45,5,40.0,1,11,22.957773098557958,spruce,22,6.8537781590656355,1.3641869683340824,2125,-0.07286897204562427,-0.07286897204562427,0,0,0,0,0,none
C19941,31035976,3,-28.97,45,5,40.0,1,11,13.455050268186167,spruce,23,6.8537781590656355,1.3641869683340824,2130,-0.04891821515620683,-0.04891821515620683,0,0,0,0,0,none
C19941,31035976,3,-38.97,45,5,40.0,1,11,7.11669390298248,spruce,24,6.8537781590656355,1.3641869683340824,2135,-0.027620175045197835,-0.027620175045197835,0,0,0,0,0,none
C19941,31035976,3,-49.97,45,5,40.0,1,11,3.3426825171886603,spruce,25,6.8537781590656355,1.3641869683340824,2140,-0.013040299147321839,-0.013040299147321839,0,0,0,0,0,none
C19941,31035976,3,-60.97,45,5,40.0,1,11,1.352124288155002,spruce,26,6.8537781590656355,1.3641869683340824,2145,-0.0049481922241131696,-0.0049481922241131696,0,0,0,0,0,none
C19941,31035976,3,-71.97,46,5,40.0,1,11,0,spruce,27,6.8537781590656355,1.3641869683340824,2150,0.0,0.0,0.0,0.0,0.0,0.0,0.0,none
C19941,80790456,3,50.031,41.81972537846803,5,40.0,1,11,440.0,spruce,10,19.6563422746089,3.6322570266152754,2065,2.452542535592455,2.452542535592455,0,0,0,0,0,none
C19941,80790456,3,49.031,43,5,40.0,1,11,391.39209365532855,spruce,11,19.6563422746089,3.6322570266152754,2070,2.1539308558556267,2.1539308558556267,0,0,0,0,0,none
C19941,80790456,3,47.031,44,5,40.0,1,11,342.771372031344,spruce,12,19.6563422746089,3.6322570266152754,2075,1.7854558762201396,1.7854558762201396,0,0,0,0,0,none
C19941,80790456,3,43.031,45,5,40.0,1,11,295.6505917254555,spruce,13,19.6563422746089,3.6322570266152754,2080,1.33498671877464,1.33498671877464,0,0,0,0,0,none
C19941,80790456,3,38.031,45,5,40.0,1,11,250.30428332782262,spruce,14,19.6563422746089,3.6322570266152754,2085,0.8978720516123201,0.8978720516123201,0,0,0,0,0,none
C19941,80790456,3,33.031,45,5,40.0,1,11,207.73491301852363,spruce,15,19.6563422746089,3.6322570266152754,2090,0.5635622760476452,0.5635622760476452,0,0,0,0,0,none
C19941,80790456,3,27.031,45,5,40.0,1,11,169.02186242193707,spruce,16,19.6563422746089,3.6322570266152754,2095,0.2932839839694434,0.2932839839694434,0,0,0,0,0,none
C19941,80790456,3,21.031,45,5,40.0,1,11,134.18699795706854,spruce,17,19.6563422746089,3.6322570266152754,2100,0.11209084871601288,0.11209084871601288,0,0,0,0,0,none
C19941,80790456,3,14.030999999999999,45,5,40.0,1,11,103.6533560710621,spruce,18,19.6563422746089,3.6322570266152754,2105,-0.012033081648569362,-0.012033081648569362,0,0,0,0,0,none
C19941,80790456,3,7.030999999999999,45,5,40.0,1,11,77.24178871411804,spruce,19,19.6563422746089,3.6322570266152754,2110,-0.0742710814287443,-0.0742710814287443,0,0,0,0,0,none
C19941,80790456,3,-0.9690000000000012,45,5,40.0,1,11,55.31564746299675,spruce,20,19.6563422746089,3.6322570266152754,2115,-0.0994579381513812,-0.0994579381513812,0,0,0,0,0,none
C19941,80790456,3,-8.969000000000001,45,5,40.0,1,11,37.631539592240976,spruce,21,19.6563422746089,3.6322570266152754,2120,-0.09393064293356734,-0.09393064293356734,0,0,0,0,0,none
C19941,80790456,3,-17.969,45,5,40.0,1,11,24.085705519824707,spruce,22,19.6563422746089,3.6322570266152754,2125,-0.07504928199885012,-0.07504928199885012,0,0,0,0,0,none
C19941,80790456,3,-27.969,45,5,40.0,1,11,14.239339496256468,spruce,23,19.6563422746089,3.6322570266152754,2130,-0.05125034724501947,-0.05125034724501947,0,0,0,0,0,none
C19941,80790456,3,-37.969,45,5,40.0,1,11,7.609012870094086,spruce,24,19.6563422746089,3.6322570266152754,2135,-0.029418118656814905,-0.029418118656814905,0,0,0,0,0,none
C19941,80790456,3,-48.969,45,5,40.0,1,11,3.616677110328282,spruce,25,19.6563422746089,3.6322570266152754,2140,-0.014141718904491417,-0.014141718904491417,0,0,0,0,0,none
C19941,80790456,3,-59.969,45,5,40.0,1,11,1.4832721828985622,spruce,26,19.6563422746089,3.6322570266152754,2145,-0.005476798583011122,-0.005476798583011122,0,0,0,0,0,none
C19941,80790456,3,-70.969,46,5,40.0,1,11,0.513950562842007,spruce,27,19.6563422746089,3.6322570266152754,2150,-0.0017444305677848115,-0.0017444305677848115,0,0,0,0,0,none
C19941,80790456,3,-82.969,47,5,40.0,1,11,0,spruce,28,19.6563422746089,3.6322570266152754,2155,0.0,0.0,0.0,0.0,0.0,0.0,0.0,none
C19941,12729483,1,50.11,41.87827616923813,5,40.0,1,11,1500,spruce,10,13.768265047718867,11.389888254907515,2065,8.39272991323694,8.39272991323694,0,0,0,0,0,none
C19941,12729483,1,50.11,43,5,40.0,1,11,1335.057343508849,spruce,11,13.768265047718867,11.389888254907515,2070,7.627821192779318,7.627821192779318,0,0,0,0,0,none
C19941,12729483,1,49.11,44,5,40.0,1,11,1172.4612481040203,spruce,12,13.768265047718867,11.389888254907515,2075,6.587003984538659,6.587003984538659,0,0,0,0,0,none
C19941,12729483,1,47.11,45,5,40.0,1,11,1016.8016636148421,spruce,13,13.768265047718867,11.389888254907515,2080,5.402035408855381,5.402035408855381,0,0,0,0,0,none
C19941,12729483,1,44.11,46,5,40.0,1,11,870.4061398067951,spruce,14,13.768265047718867,11.389888254907515,2085,4.1739454307484705,4.1739454307484705,0,0,0,0,0,none
C19941,12729483,1,40.11,46,5,40.0,1,11,735.2755854970129,spruce,15,13.768265047718867,11.389888254907515,2090,2.955515999214291,2.955515999214291,0,0,0,0,0,none
C19941,12729483,1,35.11,46,5,40.0,1,11,611.9022978266266,spruce,16,13.768265047718867,11.389888254907515,2095,1.8966519033542746,1.8966519033542746,0,0,0,0,0,none
C19941,12729483,1,29.11,46,5,40.0,1,11,499.8811029751232,spruce,17,13.768265047718867,11.389888254907515,2100,1.0340289297381176,1.0340289297381176,0,0,0,0,0,none
C19941,12729483,1,23.11,46,5,40.0,1,11,398.7391445057029,spruce,18,13.768265047718867,11.389888254907515,2105,0.4454265566326837,0.4454265566326837,0,0,0,0,0,none
C19941,12729483,1,16.11,46,5,40.0,1,11,309.5478540663073,spruce,19,13.768265047718867,11.389888254907515,2110,0.03331911857064901,0.03331911857064901,0,0,0,0,0,none
C19941,12729483,1,9.11,46,5,40.0,1,11,232.26021001627686,spruce,20,13.768265047718867,11.389888254907515,2115,-0.18429483566764993,-0.18429483566764993,0,0,0,0,0,none
C19941,12729483,1,1.1099999999999994,46,5,40.0,1,11,167.67576115181282,spruce,21,13.768265047718867,11.389888254907515,2120,-0.28348820756368714,-0.28348820756368714,0,0,0,0,0,none
C19941,12729483,1,-6.890000000000001,46,5,40.0,1,11,114.95528596964976,spruce,22,13.768265047718867,11.389888254907515,2125,-0.28122807167795477,-0.28122807167795477,0,0,0,0,0,none
C19941,12729483,1,-15.89,46,5,40.0,1,11,74.2010350704882,spruce,23,13.768265047718867,11.389888254907515,2130,-0.2320618386531566,-0.2320618386531566,0,0,0,0,0,none
C19941,12729483,1,-25.89,46,5,40.0,1,11,44.35576308725618,spruce,24,13.768265047718867,11.389888254907515,2135,-0.16297138805715186,-0.16297138805715186,0,0,0,0,0,none
C19941,12729483,1,-35.89,46,5,40.0,1,11,24.03092736970577,spruce,25,13.768265047718867,11.389888254907515,2140,-0.09611949170747547,-0.09611949170747547,0,0,0,0,0,none
C19941,12729483,1,-46.89,46,5,40.0,1,11,11.61734458332939,spruce,26,13.768265047718867,11.389888254907515,2145,-0.04766227568304975,-0.04766227568304975,0,0,0,0,0,none
C19941,12729483,1,-57.89,46,5,40.0,1,11,4.864218420545761,spruce,27,13.768265047718867,11.389888254907515,2150,-0.019155479144509692,-0.019155479144509692,0,0,0,0,0,none
C19941,12729483,1,-68.89,47,5,40.0,1,11,1.7305269176865923,spruce,28,13.768265047718867,11.389888254907515,2155,-0.006389800081507803,-0.006389800081507803,0,0,0,0,0,none
C19941,12729483,1,-80.89,48,5,40.0,1,11,0.5127124419567158,spruce,29,13.768265047718867,11.389888254907515,2160,-0.0015841266254468364,-0.0015841266254468364,0,0,0,0,0,none
C19941,12729483,1,-93.89,49,5,40.0,1,11,0,spruce,30,13.768265047718867,11.389888254907515,2165,0.0,0.0,0.0,0.0,0.0,0.0,0.0,none
C19941,84109925,30,50.143,41.945204754650604,5,40.0,1,11,200,spruce,10,6.9034410231043,4.500799156281692,2065,1.1217052694396201,1.1217052694396201,0,0,0,0,0,none
C19941,84109925,30,50.143,43,5,40.0,1,11,178.21375190310894,spruce,11,6.9034410231043,4.500799156281692,2070,1.0193729761547736,1.0193729761547736,0,0,0,0,0,none
C19941,84109925,30,49.143,44,5,40.0,1,11,156.76036761865717,spruce,12,6.9034410231043,4.500799156281692,2075,0.8817251368849367,0.8817251368849367,0,0,0,0,0,none
C19941,84109925,30,47.143,45,5,40.0,1,11,136.2063929070299,spruce,13,6.9034410231043,4.500799156281692,2080,0.7245321299521204,0.7245321299521204,0,0,0,0,0,none
C19941,84109925,30,44.143,46,5,40.0,1,11,116.83274966315973,spruce,14,6.9034410231043,4.500799156281692,2085,0.5610246997019895,0.5610246997019895,0,0,0,0,0,none
C19941,84109925,30,40.143,46,5,40.0,1,11,98.89153197329297,spruce,15,6.9034410231043,4.500799156281692,2090,0.39812333282369133,0.39812333282369133,0,0,0,0,0,none
C19941,84109925,30,35.143,46,5,40.0,1,11,82.44890654241443,spruce,16,6.9034410231043,4.500799156281692,2095,0.25604426229408384,0.25604426229408384,0,0,0,0,0,none
C19941,84109925,30,29.143,46,5,40.0,1,11,67.46053161595066,spruce,17,6.9034410231043,4.500799156281692,2100,0.13991333544624293,0.13991333544624293,0,0,0,0,0,none
C19941,84109925,30,23.143,46,5,40.0,1,11,53.872993958373655,spruce,18,6.9034410231043,4.500799156281692,2105,0.06045104743908809,0.06045104743908809,0,0,0,0,0,none
C19941,84109925,30,16.143,46,5,40.0,1,11,41.858195572618655,spruce,19,6.9034410231043,4.500799156281692,2110,0.004694091748235273,0.004694091748235273,0,0,0,0,0,none
C19941,84109925,30,9.143,46,5,40.0,1,11,31.423559753547497,spruce,20,6.9034410231043,4.500799156281692,2115,-0.024808596073303848,-0.024808596073303848,0,0,0,0,0,none
C19941,84109925,30,1.1430000000000007,46,5,40.0,1,11,22.69258047559692,spruce,21,6.9034410231043,4.500799156281692,2120,-0.03828879309857515,-0.03828879309857515,0,0,0,0,0,none
C19941,84109925,30,-6.856999999999999,46,5,40.0,1,11,15.560193220421674,spruce,22,6.9034410231043,4.500799156281692,2125,-0.038022669896884326,-0.038022669896884326,0,0,0,0,0,none
C19941,84109925,30,-15.857,46,5,40.0,1,11,10.045010526752808,spruce,23,6.9034410231043,4.500799156281692,2130,-0.03139371440721801,-0.03139371440721801,0,0,0,0,0,none
C19941,84109925,30,-25.857,46,5,40.0,1,11,6.005721092367328,spruce,24,6.9034410231043,4.500799156281692,2135,-0.022057493334021776,-0.022057493334021776,0,0,0,0,0,none
C19941,84109925,30,-35.857,46,5,40.0,1,11,3.254782264180019,spruce,25,6.9034410231043,4.500799156281692,2140,-0.013016243546182506,-0.013016243546182506,0,0,0,0,0,none
C19941,84109925,30,-46.857,46,5,40.0,1,11,1.5741737647699836,spruce,26,6.9034410231043,4.500799156281692,2145,-0.006458479068597902,-0.006458479068597902,0,0,0,0,0,none
C19941,84109925,30,-57.857,46,5,40.0,1,11,0.6594879506029278,spruce,27,6.9034410231043,4.500799156281692,2150,-0.0025976784732418055,-0.0025976784732418055,0,0,0,0,0,none
C19941,84109925,30,-68.857,47,5,40.0,1,11,0,spruce,28,6.9034410231043,4.500799156281692,2155,0.0,0.0,0.0,0.0,0.0,0.0,0.0,none
C19941,50139864,30,50.034,41.821442896343434,5,40.0,1,11,386.66666666666663,spruce,11,10.317140339370596,9.542819740995647,2070,2.1555547856880772,2.1555547856880772,0,0,0,0,0,none
C19941,50139864,30,49.034,43,5,40.0,1,11,340.1135945829661,spruce,12,10.317140339370596,9.542819740995647,2075,1.871929811693988,1.871929811693988,0,0,0,0,0,none
C19941,50139864,30,47.034,44,5,40.0,1,11,295.51877616963026,spruce,13,10.317140339370596,9.542819740995647,2080,1.5394952042063228,1.5394952042063228,0,0,0,0,0,none
C19941,50139864,30,43.034,45,5,40.0,1,11,253.48365697434383,spruce,14,10.317140339370596,9.542819740995647,2085,1.1447305796832175,1.1447305796832175,0,0,0,0,0,none
C19941,50139864,30,38.034,45,5,40.0,1,11,213.97998454345475,spruce,15,10.317140339370596,9.542819740995647,2090,0.7676880666410346,0.7676880666410346,0,0,0,0,0,none
C19941,50139864,30,33.034,45,5,40.0,1,11,177.33577227605963,spruce,16,10.317140339370596,9.542819740995647,2095,0.48118285078952977,0.48118285078952977,0,0,0,0,0,none
C19941,50139864,30,27.034,45,5,40.0,1,11,144.12390652626704,spruce,17,10.317140339370596,9.542819740995647,2100,0.25014910790504363,0.25014910790504363,0,0,0,0,0,none
C19941,50139864,30,21.034,45,5,40.0,1,11,114.21142630054034,spruce,18,10.317140339370596,9.542819740995647,2105,0.0954537560428946,0.0954537560428946,0,0,0,0,0,none
C19941,50139864,30,14.033999999999999,45,5,40.0,1,11,87.9644924484279,spruce,19,10.317140339370596,9.542819740995647,2110,-0.010177895907979382,-0.010177895907979382,0,0,0,0,0,none
C19941,50139864,30,6.033999999999999,45,5,40.0,1,11,65.37213129379981,spruce,20,10.317140339370596,9.542819740995647,2115,-0.07016618664877304,-0.07016618664877304,0,0,0,0,0,none
C19941,50139864,30,-1.966000000000001,45,5,40.0,1,11,46.40302848180041,spruce,21,10.317140339370596,9.542819740995647,2120,-0.08782015842216231,-0.08782015842216231,0,0,0,0,0,none
C19941,50139864,30,-10.966000000000001,45,5,40.0,1,11,31.188422646133933,spruce,22,10.317140339370596,9.542819740995647,2125,-0.08260956691376778,-0.08260956691376778,0,0,0,0,0,none
C19941,50139864,30,-19.966,45,5,40.0,1,11,19.523293802456152,spruce,23,10.317140339370596,9.542819740995647,2130,-0.06305476807589658,-0.06305476807589658,0,0,0,0,0,none
C19941,50139864,30,-29.966,45,5,40.0,1,11,11.261353749369306,spruce,24,10.317140339370596,9.542819740995647,2135,-0.04132705780883671,-0.04132705780883671,0,0,0,0,0,none
C19941,50139864,30,-39.966,45,5,40.0,1,11,5.852014420300885,spruce,25,10.317140339370596,9.542819740995647,2140,-0.022785610575254578,-0.022785610575254578,0,0,0,0,0,none
C19941,50139864,30,-50.966,45,5,40.0,1,11,2.695975571681786,spruce,26,10.317140339370596,9.542819740995647,2145,-0.010487476163408777,-0.010487476163408777,0,0,0,0,0,none
C19941,50139864,30,-60.966,45,5,40.0,1,11,1.067626128297324,spruce,27,10.317140339370596,9.542819740995647,2150,-0.0039071961239040874,-0.0039071961239040874,0,0,0,0,0,none
C19941,50139864,30,-71.96600000000001,46,5,40.0,1,11,0,spruce,28,10.317140339370596,9.542819740995647,2155,0.0,0.0,0.0,0.0,0.0,0.0,0.0,none
C19941,16807370,30,50.035,41.83855224668241,5,40.0,1,11,386.66666666666663,spruce,11,10.880202376278763,13.082746939414886,2070,2.15632637357427,2.15632637357427,0,0,0,0,0,none
C19941,16807370,30,49.035,43,5,40.0,1,11,340.2628909354292,spruce,12,10.880202376278763,13.082746939414886,2075,1.8728174312715151,1.8728174312715151,0,0,0,0,0,none
C19941,16807370,30,47.035,44,5,40.0,1,11,295.8027118434709,spruce,13,10.880202376278763,13.082746939414886,2080,1.5410319334683877,1.5410319334683877,0,0,0,0,0,none
C19941,16807370,30,44.035,45,5,40.0,1,11,253.88847272553838,spruce,14,10.880202376278763,13.082746939414886,2085,1.1953935300368348,1.1953935300368348,0,0,0,0,0,none
C19941,16807370,30,40.035,46,5,40.0,1,11,215.0213197437325,spruce,15,10.880202376278763,13.082746939414886,2090,0.861245256830241,0.861245256830241,0,0,0,0,0,none
C19941,16807370,30,35.035,46,5,40.0,1,11,179.33884025908947,spruce,16,10.880202376278763,13.082746939414886,2095,0.553479102652373,0.553479102652373,0,0,0,0,0,none
C19941,16807370,30,29.034999999999997,46,5,40.0,1,11,146.77133518804672,spruce,17,10.880202376278763,13.082746939414886,2100,0.3017861217942849,0.3017861217942849,0,0,0,0,0,none
C19941,16807370,30,23.034999999999997,46,5,40.0,1,11,117.210733073252,spruce,18,10.880202376278763,13.082746939414886,2105,0.1295996694678191,0.1295996694678191,0,0,0,0,0,none
C19941,16807370,30,16.034999999999997,46,5,40.0,1,11,91.05480030419935,spruce,19,10.880202376278763,13.082746939414886,2110,0.008869560001247716,0.008869560001247716,0,0,0,0,0,none
C19941,16807370,30,9.034999999999997,46,5,40.0,1,11,68.33082325963863,spruce,20,10.880202376278763,13.082746939414886,2115,-0.05483908422048607,-0.05483908422048607,0,0,0,0,0,none
C19941,16807370,30,1.0349999999999966,46,5,40.0,1,11,49.31805356990437,spruce,21,10.880202376278763,13.082746939414886,2120,-0.08376349433380086,-0.08376349433380086,0,0,0,0,0,none
C19941,16807370,30,-7.965000000000003,46,5,40.0,1,11,33.79316485246753,spruce,22,10.880202376278763,13.082746939414886,2125,-0.08573930435173964,-0.08573930435173964,0,0,0,0,0,none
C19941,16807370,30,-16.965000000000003,46,5,40.0,1,11,21.63837309803163,spruce,23,10.880202376278763,13.082746939414886,2130,-0.06917466539450727,-0.06917466539450727,0,0,0,0,0,none
C19941,16807370,30,-26.965000000000003,46,5,40.0,1,11,12.815080945634367,spruce,24,10.880202376278763,13.082746939414886,2135,-0.04766952350915979,-0.04766952350915979,0,0,0,0,0,none
C19941,16807370,30,-36.965,46,5,40.0,1,11,6.868612717678523,spruce,25,10.880202376278763,13.082746939414886,2140,-0.027623295269607103,-0.027623295269607103,0,0,0,0,0,none
C19941,16807370,30,-47.965,46,5,40.0,1,11,3.279707381581615,spruce,26,10.880202376278763,13.082746939414886,2145,-0.013441506652488562,-0.013441506652488562,0,0,0,0,0,none
C19941,16807370,30,-58.965,46,5,40.0,1,11,1.3537574242351864,spruce,27,10.880202376278763,13.082746939414886,2150,-0.005289942121749015,-0.005289942121749015,0,0,0,0,0,none
C19941,16807370,30,-69.965,47,5,40.0,1,11,0,spruce,28,10.880202376278763,13.082746939414886,2155,0.0,0.0,0.0,0.0,0.0,0.0,0.0,none
C19941,56428084,30,50.036,41.82862238417022,5,40.0,1,11,386.66666666666663,spruce,11,4.440982795998454,10.38703648732066,2070,2.1559945104384495,2.1559945104384495,0,0,0,0,0,none
C19941,56428084,30,49.036,43,5,40.0,1,11,340.4114252505431,spruce,12,4.440982795998454,10.38703648732066,2075,1.8737009149721666,1.8737009149721666,0,0,0,0,0,none
C19941,56428084,30,47.036,44,5,40.0,1,11,296.0854207981311,spruce,13,4.440982795998454,10.38703648732066,2080,1.542562382858404,1.542562382858404,0,0,0,0,0,none
C19941,56428084,30,44.036,45,5,40.0,1,11,254.27272908659864,spruce,14,4.440982795998454,10.38703648732066,2085,1.197251875416784,1.197251875416784,0,0,0,0,0,none
C19941,56428084,30,40.036,46,5,40.0,1,11,215.4649370939605,spruce,15,4.440982795998454,10.38703648732066,2090,0.8630629204971946,0.8630629204971946,0,0,0,0,0,none
C19941,56428084,30,35.036,46,5,40.0,1,11,179.7990892904731,spruce,16,4.440982795998454,10.38703648732066,2095,0.5549315922097575,0.5549315922097575,0,0,0,0,0,none
C19941,56428084,30,29.036,46,5,40.0,1,11,147.21074311613427,spruce,17,4.440982795998454,10.38703648732066,2100,0.3027139134531349,0.3027139134531349,0,0,0,0,0,none
C19941,56428084,30,23.036,46,5,40.0,1,11,117.59730299610098,spruce,18,4.440982795998454,10.38703648732066,2105,0.13004494796985566,0.13004494796985566,0,0,0,0,0,none
C19941,56428084,30,16.036,46,5,40.0,1,11,91.3746033030277,spruce,19,4.440982795998454,10.38703648732066,2110,0.00891316649185046,0.00891316649185046,0,0,0,0,0,none
C19941,56428084,30,9.036000000000001,46,5,40.0,1,11,68.57852154215387,spruce,20,4.440982795998454,10.38703648732066,2115,-0.055029588835168265,-0.055029588835168265,0,0,0,0,0,none
C19941,56428084,30,1.0360000000000014,46,5,40.0,1,11,49.49893895291523,spruce,21,4.440982795998454,10.38703648732066,2120,-0.08406561086301752,-0.08406561086301752,0,0,0,0,0,none
C19941,56428084,30,-7.963999999999999,46,5,40.0,1,11,33.916781872193134,spruce,22,4.440982795998454,10.38703648732066,2125,-0.08605011939135553,-0.08605011939135553,0,0,0,0,0,none
C19941,56428084,30,-16.964,46,5,40.0,1,11,21.71691581807299,spruce,23,4.440982795998454,10.38703648732066,2130,-0.06942437904767518,-0.06942437904767518,0,0,0,0,0,none
C19941,56428084,30,-26.964,46,5,40.0,1,11,12.861315521460867,spruce,24,4.440982795998454,10.38703648732066,2135,-0.047840976404757665,-0.047840976404757665,0,0,0,0,0,none
C19941,56428084,30,-36.964,46,5,40.0,1,11,6.8934577552699094,spruce,25,4.440982795998454,10.38703648732066,2140,-0.027723081915117315,-0.027723081915117315,0,0,0,0,0,none
C19941,56428084,30,-47.964,46,5,40.0,1,11,3.29168570206608,spruce,26,4.440982795998454,10.38703648732066,2145,-0.013490615496694438,-0.013490615496694438,0,0,0,0,0,none
C19941,56428084,30,-58.964,46,5,40.0,1,11,1.3587748828602766,spruce,27,4.440982795998454,10.38703648732066,2150,-0.005309588428584307,-0.005309588428584307,0,0,0,0,0,none
C19941,56428084,30,-69.964,47,5,40.0,1,11,0,spruce,28,4.440982795998454,10.38703648732066,2155,0.0,0.0,0.0,0.0,0.0,0.0,0.0,none
C19941,00260452,30,50.037,41.84212877792814,5,40.0,1,11,373.33333333333337,spruce,12,12.646066348602556,6.905949231821631,2075,2.0822529337189444,2.0822529337189444,0,0,0,0,0,none
C19941,00260452,30,48.037,43,5,40.0,1,11,325.59324688380224,spruce,13,12.646066348602556,6.905949231821631,2080,1.7294612316746398,1.7294612316746398,0,0,0,0,0,none
C19941,00260452,30,45.037,44,5,40.0,1,11,280.432329631107,spruce,14,12.646066348602556,6.905949231821631,2085,1.3530814601506087,1.3530814601506087,0,0,0,0,0,none
C19941,00260452,30,41.037,45,5,40.0,1,11,238.37878179890131,spruce,15,12.646066348602556,6.905949231821631,2090,0.9865862538578796,0.9865862538578796,0,0,0,0,0,none
C19941,00260452,30,36.037,45,5,40.0,1,11,199.5884037641285,spruce,16,12.646066348602556,6.905949231821631,2095,0.645069205432439,0.645069205432439,0,0,0,0,0,none
C19941,00260452,30,30.037,45,5,40.0,1,11,164.00420840114177,spruce,17,12.646066348602556,6.905949231821631,2100,0.36331576720971487,0.36331576720971487,0,0,0,0,0,none
C19941,00260452,30,24.037,45,5,40.0,1,11,131.52660148612227,spruce,18,12.646066348602556,6.905949231821631,2105,0.16788399726895267,0.16788399726895267,0,0,0,0,0,none
C19941,00260452,30,17.037,45,5,40.0,1,11,102.63877389379319,spruce,19,12.646066348602556,6.905949231821631,2110,0.028687110214976053,0.028687110214976053,0,0,0,0,0,none
C19941,00260452,30,10.036999999999999,45,5,40.0,1,11,77.40340588682939,spruce,20,12.646066348602556,6.905949231821631,2115,-0.047329256880610134,-0.047329256880610134,0,0,0,0,0,none
C19941,00260452,30,2.036999999999999,45,5,40.0,1,11,56.171056224324616,spruce,21,12.646066348602556,6.905949231821631,2120,-0.08425309946067083,-0.08425309946067083,0,0,0,0,0,none
C19941,00260452,30,-5.963000000000001,45,5,40.0,1,11,38.72839753538639,spruce,22,12.646066348602556,6.905949231821631,2125,-0.08713893003756812,-0.08713893003756812,0,0,0,0,0,none
C19941,00260452,30,-14.963000000000001,45,5,40.0,1,11,25.15970992667178,spruce,23,12.646066348602556,6.905949231821631,2130,-0.07367707053516742,-0.07367707053516742,0,0,0,0,0,none
C19941,00260452,30,-24.963,45,5,40.0,1,11,15.15432950972076,spruce,24,12.646066348602556,6.905949231821631,2135,-0.05268657090521543,-0.05268657090521543,0,0,0,0,0,none
C19941,00260452,30,-34.963,45,5,40.0,1,11,8.285555745739027,spruce,25,12.646066348602556,6.905949231821631,2140,-0.03155711825045106,-0.03155711825045106,0,0,0,0,0,none
C19941,00260452,30,-45.963,45,5,40.0,1,11,4.048844330799946,spruce,26,12.646066348602556,6.905949231821631,2145,-0.01588816605595212,-0.01588816605595212,0,0,0,0,0,none
C19941,00260452,30,-56.963,45,5,40.0,1,11,1.7167434733684643,spruce,27,12.646066348602556,6.905949231821631,2150,-0.006485633895231963,-0.006485633895231963,0,0,0,0,0,none
C19941,00260452,30,-67.963,46,5,40.0,1,11,0.6196497188956045,spruce,28,12.646066348602556,6.905949231821631,2155,-0.0022013875923617373,-0.0022013875923617373,0,0,0,0,0,none
C19941,00260452,30,-79.963,47,5,40.0,1,11,0,spruce,29,12.646066348602556,6.905949231821631,2160,0.0,0.0,0.0,0.0,0.0,0.0,0.0,none
C19941,86821342,30,50.038,41.785438688474585,5,40.0,1,11,373.33333333333337,spruce,12,15.654988295683438,19.809435672476813,2075,2.0800894618161387,2.0800894618161387,0,0,0,0,0,none
C19941,86821342,30,49.038,43,5,40.0,1,11,325.77834537048795,spruce,13,15.654988295683438,19.809435672476813,2080,1.7932833827805326,1.7932833827805326,0,0,0,0,0,none
C19941,86821342,30,46.038,44,5,40.0,1,11,281.4153479613049,spruce,14,15.654988295683438,19.809435672476813,2085,1.4117629867495276,1.4117629867495276,0,0,0,0,0,none
C19941,86821342,30,42.038,45,5,40.0,1,11,239.96753822597574,spruce,15,15.654988295683438,19.809435672476813,2090,1.0382814067681823,1.0382814067681823,0,0,0,0,0,none
C19941,86821342,30,37.038,45,5,40.0,1,11,201.5939076694711,spruce,16,15.654988295683438,19.809435672476813,2095,0.6872734140227104,0.6872734140227104,0,0,0,0,0,none
C19941,86821342,30,32.038,45,5,40.0,1,11,166.24981957404654,spruce,17,15.654988295683438,19.809435672476813,2100,0.42322290187201406,0.42322290187201406,0,0,0,0,0,none
C19941,86821342,30,26.037999999999997,45,5,40.0,1,11,134.31380664996905,spruce,18,15.654988295683438,19.809435672476813,2105,0.21233428365893645,0.21233428365893645,0,0,0,0,0,none
C19941,86821342,30,19.037999999999997,45,5,40.0,1,11,105.67772640379458,spruce,19,15.654988295683438,19.809435672476813,2110,0.058509398365315136,0.058509398365315136,0,0,0,0,0,none
C19941,86821342,30,12.037999999999997,45,5,40.0,1,11,80.4372097549232,spruce,20,15.654988295683438,19.809435672476813,2115,-0.029568092812540657,-0.029568092812540657,0,0,0,0,0,none
C19941,86821342,30,4.037999999999997,45,5,40.0,1,11,58.988297584957444,spruce,21,15.654988295683438,19.809435672476813,2120,-0.0761355164208676,-0.0761355164208676,0,0,0,0,0,none
C19941,86821342,30,-3.9620000000000033,45,5,40.0,1,11,41.16718488651966,spruce,22,15.654988295683438,19.809435672476813,2125,-0.0854372205858375,-0.0854372205858375,0,0,0,0,0,none
C19941,86821342,30,-12.962000000000003,45,5,40.0,1,11,27.121686574879448,spruce,23,15.654988295683438,19.809435672476813,2130,-0.07574257920111939,-0.07574257920111939,0,0,0,0,0,none
C19941,86821342,30,-22.962000000000003,45,5,40.0,1,11,16.605891976760333,spruce,24,15.654988295683438,19.809435672476813,2135,-0.05619869940286541,-0.05619869940286541,0,0,0,0,0,none
C19941,86821342,30,-32.962,45,5,40.0,1,11,9.25605702609173,spruce,25,15.654988295683438,19.809435672476813,2140,-0.034798710461395106,-0.034798710461395106,0,0,0,0,0,none
C19941,86821342,30,-43.962,45,5,40.0,1,11,4.625833900456899,spruce,26,15.654988295683438,19.809435672476813,2145,-0.01814528333425506,-0.01814528333425506,0,0,0,0,0,none
C19941,86821342,30,-54.962,45,5,40.0,1,11,2.013362897964568,spruce,27,15.654988295683438,19.809435672476813,2150,-0.007698992727746994,-0.007698992727746994,0,0,0,0,0,none
C19941,86821342,30,-65.962,46,5,40.0,1,11,0.748798403491513,spruce,28,15.654988295683438,19.809435672476813,2155,-0.0027309032218095913,-0.0027309032218095913,0,0,0,0,0,none
C19941,86821342,30,-77.962,47,5,40.0,1,11,0,spruce,29,15.654988295683438,19.809435672476813,2160,0.0,0.0,0.0,0.0,0.0,0.0,0.0,none
C19941,61729823,30,50.039,41.83314119359123,5,40.0,1,11,373.33333333333337,spruce,12,18.026168726985475,10.831187577747466,2075,2.0820404750391113,2.0820404750391113,0,0,0,0,0,none
C19941,61729823,30,49.039,43,5,40.0,1,11,325.9307587746659,spruce,13,18.026168726985475,10.831187577747466,2080,1.7941855024380862,1.7941855024380862,0,0,0,0,0,none
C19941,61729823,30,46.039,44,5,40.0,1,11,281.7207507762519,spruce,14,18.026168726985475,10.831187577747466,2085,1.4133493280574214,1.4133493280574214,0,0,0,0,0,none
C19941,61729823,30,42.039,45,5,40.0,1,11,240.37589188249612,spruce,15,18.026168726985475,10.831187577747466,2090,1.0400936659107858,1.0400936659107858,0,0,0,0,0,none
C19941,61729823,30,37.039,45,5,40.0,1,11,202.05261431470896,spruce,16,18.026168726985475,10.831187577747466,2095,0.6888732223645969,0.6888732223645969,0,0,0,0,0,none
C19941,61729823,30,32.039,45,5,40.0,1,11,166.70339800975282,spruce,17,18.026168726985475,10.831187577747466,2100,0.4244054668015321,0.4244054668015321,0,0,0,0,0,none
C19941,61729823,30,26.039,45,5,40.0,1,11,134.7304946376239,spruce,18,18.026168726985475,10.831187577747466,2105,0.21301380937900896,0.21301380937900896,0,0,0,0,0,none
C19941,61729823,30,19.039,45,5,40.0,1,11,106.03482322470073,spruce,19,18.026168726985475,10.831187577747466,2110,0.05872186584126635,0.05872186584126635,0,0,0,0,0,none
C19941,61729823,30,12.039000000000001,45,5,40.0,1,11,80.72180125278535,spruce,20,18.026168726985475,10.831187577747466,2115,-0.02966269378956357,-0.02966269378956357,0,0,0,0,0,none
C19941,61729823,30,4.0390000000000015,45,5,40.0,1,11,59.20138854216625,spruce,21,18.026168726985475,10.831187577747466,2120,-0.07640423146832079,-0.07640423146832079,0,0,0,0,0,none
C19941,61729823,30,-3.9609999999999985,45,5,40.0,1,11,41.3162400734543,spruce,22,18.026168726985475,10.831187577747466,2125,-0.08574287039169387,-0.08574287039169387,0,0,0,0,0,none
C19941,61729823,30,-12.960999999999999,45,5,40.0,1,11,27.219196388395364,spruce,23,18.026168726985475,10.831187577747466,2130,-0.07601298973477233,-0.07601298973477233,0,0,0,0,0,none
C19941,61729823,30,-22.961,45,5,40.0,1,11,16.66507294832852,spruce,24,18.026168726985475,10.831187577747466,2135,-0.056398177689267845,-0.056398177689267845,0,0,0,0,0,none
C19941,61729823,30,-32.961,45,5,40.0,1,11,9.289003125288284,spruce,25,18.026168726985475,10.831187577747466,2140,-0.034922325150945524,-0.034922325150945524,0,0,0,0,0,none
C19941,61729823,30,-43.961,45,5,40.0,1,11,4.6424132023425395,spruce,26,18.026168726985475,10.831187577747466,2145,-0.018210303666571254,-0.018210303666571254,0,0,0,0,0,none
C19941,61729823,30,-54.961,45,5,40.0,1,11,2.0206838580936433,spruce,27,18.026168726985475,10.831187577747466,2150,-0.007727029845708795,-0.007727029845708795,0,0,0,0,0,none
C19941,61729823,30,-65.961,46,5,40.0,1,11,0.7515645195380269,spruce,28,18.026168726985475,10.831187577747466,2155,-0.002741025176547234,-0.002741025176547234,0,0,0,0,0,none
C19941,61729823,30,-77.961,47,5,40.0,1,11,0,spruce,29,18.026168726985475,10.831187577747466,2160,0.0,0.0,0.0,0.0,0.0,0.0,0.0,none
C19941,82288479,30,50.04,41.79885086659455,5,40.0,1,11,360.0,spruce,13,13.81884284132337,3.7727360191062176,2080,2.0064468747266577,2.0064468747266577,0,0,0,0,0,none
C19941,82288479,30,48.04,43,5,40.0,1,11,312.0634026354522,spruce,14,13.81884284132337,3.7727360191062176,2085,1.6577738775905333,1.6577738775905333,0,0,0,0,0,none
C19941,82288479,30,45.04,44,5,40.0,1,11,267.73683293098634,spruce,15,13.81884284132337,3.7727360191062176,2090,1.2919788425295131,1.2919788425295131,0,0,0,0,0,none
C19941,82288479,30,41.04,45,5,40.0,1,11,226.99591859811537,spruce,16,13.81884284132337,3.7727360191062176,2095,0.939602795790852,0.939602795790852,0,0,0,0,0,none
C19941,82288479,30,36.04,45,5,40.0,1,11,189.60544243623943,spruce,17,13.81884284132337,3.7727360191062176,2100,0.6129043798636914,0.6129043798636914,0,0,0,0,0,none
C19941,82288479,30,30.04,45,5,40.0,1,11,155.34398894672577,spruce,18,13.81884284132337,3.7727360191062176,2105,0.3442068766357184,0.3442068766357184,0,0,0,0,0,none
C19941,82288479,30,24.04,45,5,40.0,1,11,124.14691614603828,spruce,19,13.81884284132337,3.7727360191062176,2110,0.15852023659108352,0.15852023659108352,0,0,0,0,0,none
C19941,82288479,30,17.04,45,5,40.0,1,11,96.57371904896827,spruce,20,13.81884284132337,3.7727360191062176,2115,0.027031022220450774,0.027031022220450774,0,0,0,0,0,none
C19941,82288479,30,9.04,45,5,40.0,1,11,72.59211317444017,spruce,21,13.81884284132337,3.7727360191062176,2120,-0.05297325744518385,-0.05297325744518385,0,0,0,0,0,none
C19941,82288479,30,1.0399999999999991,45,5,40.0,1,11,52.130793975638014,spruce,22,13.81884284132337,3.7727360191062176,2125,-0.0834595521716548,-0.0834595521716548,0,0,0,0,0,none
C19941,82288479,30,-7.960000000000001,45,5,40.0,1,11,35.50082933763606,spruce,23,13.81884284132337,3.7727360191062176,2130,-0.08575748267354452,-0.08575748267354452,0,0,0,0,0,none
C19941,82288479,30,-16.96,45,5,40.0,1,11,22.595123341030106,spruce,24,13.81884284132337,3.7727360191062176,2135,-0.06903152216262262,-0.06903152216262262,0,0,0,0,0,none
C19941,82288479,30,-26.96,45,5,40.0,1,11,13.29983949204576,spruce,25,13.81884284132337,3.7727360191062176,2140,-0.04735081946343246,-0.04735081946343246,0,0,0,0,0,none
C19941,82288479,30,-37.96,45,5,40.0,1,11,7.083723984283328,spruce,26,13.81884284132337,3.7727360191062176,2145,-0.027386222680536594,-0.027386222680536594,0,0,0,0,0,none
C19941,82288479,30,-48.96,45,5,40.0,1,11,3.3215290200637546,spruce,27,13.81884284132337,3.7727360191062176,2150,-0.012987884066970627,-0.012987884066970627,0,0,0,0,0,none
C19941,82288479,30,-59.96,45,5,40.0,1,11,1.3458577090166806,spruce,28,13.81884284132337,3.7727360191062176,2155,-0.004969796434922833,-0.004969796434922833,0,0,0,0,0,none
C19941,82288479,30,-70.96000000000001,46,5,40.0,1,11,0,spruce,29,13.81884284132337,3.7727360191062176,2160,0.0,0.0,0.0,0.0,0.0,0.0,0.0,none
C19941,09024424,30,50.041,41.846189474395715,5,40.0,1,11,360.0,spruce,13,19.795034153274106,4.078124504662437,2080,2.0083144143016973,2.0083144143016973,0,0,0,0,0,none
C19941,09024424,30,48.041,43,5,40.0,1,11,312.2459938685324,spruce,14,19.795034153274106,4.078124504662437,2085,1.6588037045324733,1.6588037045324733,0,0,0,0,0,none
C19941,09024424,30,45.041,44,5,40.0,1,11,268.0568658309114,spruce,15,19.795034153274106,4.078124504662437,2090,1.293574223955089,1.293574223955089,0,0,0,0,0,none
C19941,09024424,30,41.041,45,5,40.0,1,11,227.40218629646483,spruce,16,19.795034153274106,4.078124504662437,2095,0.9413269271333241,0.9413269271333241,0,0,0,0,0,none
C19941,09024424,30,36.041,45,5,40.0,1,11,190.0481887490817,spruce,17,19.795034153274106,4.078124504662437,2100,0.6143690071046763,0.6143690071046763,0,0,0,0,0,none
C19941,09024424,30,30.040999999999997,45,5,40.0,1,11,155.7793777160108,spruce,18,19.795034153274106,4.078124504662437,2105,0.34519698657514225,0.34519698657514225,0,0,0,0,0,none
C19941,09024424,30,24.040999999999997,45,5,40.0,1,11,124.53668840402096,spruce,19,19.795034153274106,4.078124504662437,2110,0.15903660745227483,0.15903660745227483,0,0,0,0,0,none
C19941,09024424,30,17.040999999999997,45,5,40.0,1,11,96.90006113139768,spruce,20,19.795034153274106,4.078124504662437,2115,0.02713543312489342,0.02713543312489342,0,0,0,0,0,none
C19941,09024424,30,9.040999999999997,45,5,40.0,1,11,72.84743067471426,spruce,21,19.795034153274106,4.078124504662437,2120,-0.05315100885678237,-0.05315100885678237,0,0,0,0,0,none
C19941,09024424,30,1.0409999999999968,45,5,40.0,1,11,52.316528160427616,spruce,22,19.795034153274106,4.078124504662437,2125,-0.08375166109673858,-0.08375166109673858,0,0,0,0,0,none
C19941,09024424,30,-7.959000000000003,45,5,40.0,1,11,35.62693708328362,spruce,23,19.795034153274106,4.078124504662437,2130,-0.08605923623616407,-0.08605923623616407,0,0,0,0,0,none
C19941,09024424,30,-16.959000000000003,45,5,40.0,1,11,22.674708418462487,spruce,24,19.795034153274106,4.078124504662437,2135,-0.06927327609631795,-0.06927327609631795,0,0,0,0,0,none
C19941,09024424,30,-26.959000000000003,45,5,40.0,1,11,13.346379555101494,spruce,25,19.795034153274106,4.078124504662437,2140,-0.04751598412980563,-0.04751598412980563,0,0,0,0,0,none
C19941,09024424,30,-37.959,45,5,40.0,1,11,7.1085407656553805,spruce,26,19.795034153274106,4.078124504662437,2145,-0.027482053184933155,-0.027482053184933155,0,0,0,0,0,none
C19941,09024424,30,-48.959,45,5,40.0,1,11,3.3333013675632652,spruce,27,19.795034153274106,4.078124504662437,2150,-0.013033942717798713,-0.013033942717798713,0,0,0,0,0,none
C19941,09024424,30,-59.959,45,5,40.0,1,11,1.3507070557064504,spruce,28,19.795034153274106,4.078124504662437,2155,-0.004987746207360922,-0.004987746207360922,0,0,0,0,0,none
C19941,09024424,30,-70.959,46,5,40.0,1,11,0,spruce,29,19.795034153274106,4.078124504662437,2160,0.0,0.0,0.0,0.0,0.0,0.0,0.0,none
C19941,26326410,30,50.042,41.846826644412474,5,40.0,1,11,360.0,spruce,13,15.003448265959856,9.139506548713856,2080,2.008406973291273,2.008406973291273,0,0,0,0,0,none
C19941,26326410,30,48.042,43,5,40.0,1,11,312.42758080025965,spruce,14,15.003448265959856,9.139506548713856,2085,1.6598282665808548,1.6598282665808548,0,0,0,0,0,none
C19941,26326410,30,45.042,44,5,40.0,1,11,268.37552070901813,spruce,15,15.003448265959856,9.139506548713856,2090,1.2951630775883798,1.2951630775883798,0,0,0,0,0,none
C19941,26326410,30,41.042,45,5,40.0,1,11,227.80721461981105,spruce,16,15.003448265959856,9.139506548713856,2095,0.9430460801186495,0.9430460801186495,0,0,0,0,0,none
C19941,26326410,30,36.042,45,5,40.0,1,11,190.49012447698266,spruce,17,15.003448265959856,9.139506548713856,2100,0.6158311700367952,0.6158311700367952,0,0,0,0,0,none
C19941,26326410,30,30.042,45,5,40.0,1,11,156.21444684970422,spruce,18,15.003448265959856,9.139506548713856,2105,0.3461865304208192,0.3461865304208192,0,0,0,0,0,none
C19941,26326410,30,24.042,45,5,40.0,1,11,124.92650031036102,spruce,19,15.003448265959856,9.139506548713856,2110,0.1595531461498591,0.1595531461498591,0,0,0,0,0,none
C19941,26326410,30,17.042,45,5,40.0,1,11,97.22663448105696,spruce,20,15.003448265959856,9.139506548713856,2115,0.02723999705263164,0.02723999705263164,0,0,0,0,0,none
C19941,26326410,30,9.042000000000002,45,5,40.0,1,11,73.10302000219252,spruce,21,15.003448265959856,9.139506548713856,2120,-0.053328898381370386,-0.053328898381370386,0,0,0,0,0,none
C19941,26326410,30,1.0420000000000016,45,5,40.0,1,11,52.50248192854929,spruce,22,15.003448265959856,9.139506548713856,2125,-0.08404408416835484,-0.08404408416835484,0,0,0,0,0,none
C19941,26326410,30,-7.957999999999998,45,5,40.0,1,11,35.75318972063644,spruce,23,15.003448265959856,9.139506548713856,2130,-0.08636131932900826,-0.08636131932900826,0,0,0,0,0,none
C19941,26326410,30,-16.958,45,5,40.0,1,11,22.75437794905841,spruce,24,15.003448265959856,9.139506548713856,2135,-0.06951527822654291,-0.06951527822654291,0,0,0,0,0,none
C19941,26326410,30,-26.958,45,5,40.0,1,11,13.392965718180317,spruce,25,15.003448265959856,9.139506548713856,2140,-0.047681309196300134,-0.047681309196300134,0,0,0,0,0,none
C19941,26326410,30,-37.958,45,5,40.0,1,11,7.13338213071626,spruce,26,15.003448265959856,9.139506548713856,2145,-0.027577977925972618,-0.027577977925972618,0,0,0,0,0,none
C19941,26326410,30,-48.958,45,5,40.0,1,11,3.3450865072273044,spruce,27,15.003448265959856,9.139506548713856,2150,-0.013080051567241386,-0.013080051567241386,0,0,0,0,0,none
C19941,26326410,30,-59.958,45,5,40.0,1,11,1.3555623548729407,spruce,28,15.003448265959856,9.139506548713856,2155,-0.005005718264892611,-0.005005718264892611,0,0,0,0,0,none
C19941,26326410,30,-70.958,46,5,40.0,1,11,0,spruce,29,15.003448265959856,9.139506548713856,2160,0.0,0.0,0.0,0.0,0.0,0.0,0.0,none
C19941,41762086,30,50.043,41.84693691893722,5,40.0,1,11,360.0,spruce,14,1.62947929754524,8.572376573275731,2085,2.0084795100632964,2.0084795100632964,0,0,0,0,0,none
C19941,41762086,30,48.043,43,5,40.0,1,11,310.87517411273893,spruce,15,1.62947929754524,8.572376573275731,2090,1.6516404104924762,1.6516404104924762,0,0,0,0,0,none
C19941,41762086,30,45.043,44,5,40.0,1,11,266.03340984017314,spruce,16,1.62947929754524,8.572376573275731,2095,1.283910861347698,1.283910861347698,0,0,0,0,0,none
C19941,41762086,30,41.043,45,5,40.0,1,11,225.02533149637853,spruce,17,1.62947929754524,8.572376573275731,2100,0.9315720365335005,0.9315720365335005,0,0,0,0,0,none
C19941,41762086,30,36.043,45,5,40.0,1,11,187.44651553831764,spruce,18,1.62947929754524,8.572376573275731,2105,0.606024537914075,0.606024537914075,0,0,0,0,0,none
C19941,41762086,30,30.043,45,5,40.0,1,11,153.06899647545353,spruce,19,1.62947929754524,8.572376573275731,2110,0.3392408505906354,0.3392408505906354,0,0,0,0,0,none
C19941,41762086,30,23.043,45,5,40.0,1,11,121.9629421045924,spruce,20,1.62947929754524,8.572376573275731,2115,0.13762377046668872,0.13762377046668872,0,0,0,0,0,none
C19941,41762086,30,16.043,45,5,40.0,1,11,94.19616766035749,spruce,21,1.62947929754524,8.572376573275731,2120,0.013802015920960127,0.013802015920960127,0,0,0,0,0,none
C19941,41762086,30,8.043,45,5,40.0,1,11,70.13972728874683,spruce,22,1.62947929754524,8.572376573275731,2125,-0.05932873986435224,-0.05932873986435224,0,0,0,0,0,none
C19941,41762086,30,0.04299999999999926,45,5,40.0,1,11,49.81120128518168,spruce,23,1.62947929754524,8.572376573275731,2130,-0.08467114017737205,-0.08467114017737205,0,0,0,0,0,none
C19941,41762086,30,-8.957,45,5,40.0,1,11,33.523568003486794,spruce,24,1.62947929754524,8.572376573275731,2135,-0.08364526551712805,-0.08364526551712805,0,0,0,0,0,none
C19941,41762086,30,-18.957,45,5,40.0,1,11,21.06114077663524,spruce,25,1.62947929754524,8.572376573275731,2140,-0.06683337461217645,-0.06683337461217645,0,0,0,0,0,none
C19941,41762086,30,-28.957,45,5,40.0,1,11,12.110945825036602,spruce,26,1.62947929754524,8.572376573275731,2145,-0.04402591793844873,-0.04402591793844873,0,0,0,0,0,none
C19941,41762086,30,-39.957,45,5,40.0,1,11,6.2822190129861895,spruce,27,1.62947929754524,8.572376573275731,2150,-0.024460015762662234,-0.024460015762662234,0,0,0,0,0,none
C19941,41762086,30,-50.957,45,5,40.0,1,11,2.8623291479269155,spruce,28,1.62947929754524,8.572376573275731,2155,-0.011134914241880711,-0.011134914241880711,0,0,0,0,0,none
C19941,41762086,30,-61.957,45,5,40.0,1,11,1.1233615769590974,spruce,29,1.62947929754524,8.572376573275731,2160,-0.004072297175327058,-0.004072297175327058,0,0,0,0,0,none
C19941,41762086,30,-72.957,46,5,40.0,1,11,0,spruce,30,1.62947929754524,8.572376573275731,2165,0.0,0.0,0.0,0.0,0.0,0.0,0.0,none
C19941,53846881,30,50.044,41.84199582257258,5,40.0,1,11,360.0,spruce,14,16.059264747474757,13.936009922403569,2085,2.0083600525686447,2.0083600525686447,0,0,0,0,0,none
C19941,53846881,30,48.044,43,5,40.0,1,11,311.06440542809537,spruce,15,16.059264747474757,13.936009922403569,2090,1.652705395797287,1.652705395797287,0,0,0,0,0,none
C19941,53846881,30,45.044,44,5,40.0,1,11,266.3608807237512,spruce,16,16.059264747474757,13.936009922403569,2095,1.2855420009823186,1.2855420009823186,0,0,0,0,0,none
C19941,53846881,30,41.044,45,5,40.0,1,11,225.4377305797923,spruce,17,16.059264747474757,13.936009922403569,2100,0.9333214131215096,0.9333214131215096,0,0,0,0,0,none
C19941,53846881,30,36.044,45,5,40.0,1,11,187.89330725218917,spruce,18,16.059264747474757,13.936009922403569,2105,0.6075020999271991,0.6075020999271991,0,0,0,0,0,none
C19941,53846881,30,30.043999999999997,45,5,40.0,1,11,153.5060012551559,spruce,19,16.059264747474757,13.936009922403569,2110,0.34023438540172807,0.34023438540172807,0,0,0,0,0,none
C19941,53846881,30,23.043999999999997,45,5,40.0,1,11,122.355697296278,spruce,20,16.059264747474757,13.936009922403569,2115,0.13808504695428156,0.13808504695428156,0,0,0,0,0,none
C19941,53846881,30,16.043999999999997,45,5,40.0,1,11,94.52098462125674,spruce,21,16.059264747474757,13.936009922403569,2120,0.013862152443269892,0.013862152443269892,0,0,0,0,0,none
C19941,53846881,30,8.043999999999997,45,5,40.0,1,11,70.39049892667899,spruce,22,16.059264747474757,13.936009922403569,2125,-0.05953273582579526,-0.05953273582579526,0,0,0,0,0,none
C19941,53846881,30,0.04399999999999693,45,5,40.0,1,11,49.991164487890366,spruce,23,16.059264747474757,13.936009922403569,2130,-0.08497214507313201,-0.08497214507313201,0,0,0,0,0,none
C19941,53846881,30,-8.956000000000003,45,5,40.0,1,11,33.64418977772665,spruce,24,16.059264747474757,13.936009922403569,2135,-0.08394358555995592,-0.08394358555995592,0,0,0,0,0,none
C19941,53846881,30,-18.956000000000003,45,5,40.0,1,11,21.13615547791812,spruce,25,16.059264747474757,13.936009922403569,2140,-0.0670702140770426,-0.0670702140770426,0,0,0,0,0,none
C19941,53846881,30,-28.956000000000003,45,5,40.0,1,11,12.153868500917273,spruce,26,16.059264747474757,13.936009922403569,2145,-0.04418152119378945,-0.04418152119378945,0,0,0,0,0,none
C19941,53846881,30,-39.956,45,5,40.0,1,11,6.304559461432977,spruce,27,16.059264747474757,13.936009922403569,2150,-0.024546925930215763,-0.024546925930215763,0,0,0,0,0,none
C19941,53846881,30,-50.956,45,5,40.0,1,11,2.8726415225356554,spruce,28,16.059264747474757,13.936009922403569,2155,-0.01117506606155555,-0.01117506606155555,0,0,0,0,0,none
C19941,53846881,30,-61.956,45,5,40.0,1,11,1.1274764451495791,spruce,29,16.059264747474757,13.936009922403569,2160,-0.00408725455874986,-0.00408725455874986,0,0,0,0,0,none
C19941,53846881,30,-72.956,46,5,40.0,1,11,0,spruce,30,16.059264747474757,13.936009922403569,2165,0.0,0.0,0.0,0.0,0.0,0.0,0.0,none
C19941,92065557,30,50.045,41.799041586658646,5,40.0,1,11,360.0,spruce,14,16.917029660553553,8.575375499988851,2085,2.0067954101211214,2.0067954101211214,0,0,0,0,0,none
C19941,92065557,30,48.045,43,5,40.0,1,11,311.2525830726948,spruce,15,16.917029660553553,8.575375499988851,2090,1.6537648558640403,1.6537648558640403,0,0,0,0,0,none
C19941,92065557,30,45.045,44,5,40.0,1,11,266.6869365523987,spruce,16,16.917029660553553,8.575375499988851,2095,1.2871664361301662,1.2871664361301662,0,0,0,0,0,none
C19941,92065557,30,41.045,45,5,40.0,1,11,225.8488773198156,spruce,17,16.917029660553553,8.575375499988851,2100,0.9350657592572,0.9350657592572,0,0,0,0,0,none
C19941,92065557,30,36.045,45,5,40.0,1,11,188.3392954560012,spruce,18,16.917029660553553,8.575375499988851,2105,0.6089772215042442,0.6089772215042442,0,0,0,0,0,none
C19941,92065557,30,30.045,45,5,40.0,1,11,153.94270428191473,spruce,19,16.917029660553553,8.575375499988851,2110,0.3412273941287237,0.3412273941287237,0,0,0,0,0,none
C19941,92065557,30,23.045,45,5,40.0,1,11,122.74853198125847,spruce,20,16.917029660553553,8.575375499988851,2115,0.13854652956099922,0.13854652956099922,0,0,0,0,0,none
C19941,92065557,30,16.045,45,5,40.0,1,11,94.84605569279388,spruce,21,16.917029660553553,8.575375499988851,2120,0.013922412678260635,0.013922412678260635,0,0,0,0,0,none
C19941,92065557,30,8.045000000000002,45,5,40.0,1,11,70.64154909697558,spruce,22,16.917029660553553,8.575375499988851,2125,-0.059736909293397165,-0.059736909293397165,0,0,0,0,0,none
C19941,92065557,30,0.045000000000001705,45,5,40.0,1,11,50.17134485135339,spruce,23,16.917029660553553,8.575375499988851,2130,-0.08527348364879436,-0.08527348364879436,0,0,0,0,0,none
C19941,92065557,30,-8.954999999999998,45,5,40.0,1,11,33.76495169942143,spruce,24,16.917029660553553,8.575375499988851,2135,-0.08424223622247841,-0.08424223622247841,0,0,0,0,0,none
C19941,92065557,30,-18.955,45,5,40.0,1,11,21.211249450840832,spruce,25,16.917029660553553,8.575375499988851,2140,-0.06730729648732466,-0.06730729648732466,0,0,0,0,0,none
C19941,92065557,30,-28.955,45,5,40.0,1,11,12.196834096707443,spruce,26,16.917029660553553,8.575375499988851,2145,-0.044337277405781084,-0.044337277405781084,0,0,0,0,0,none
C19941,92065557,30,-39.955,45,5,40.0,1,11,6.326922715963377,spruce,27,16.917029660553553,8.575375499988851,2150,-0.024633924361934095,-0.024633924361934095,0,0,0,0,0,none
C19941,92065557,30,-50.955,45,5,40.0,1,11,2.8829655658667135,spruce,28,16.917029660553553,8.575375499988851,2155,-0.011215263520089778,-0.011215263520089778,0,0,0,0,0,none
C19941,92065557,30,-61.955,45,5,40.0,1,11,1.1315965604826712,spruce,29,16.917029660553553,8.575375499988851,2160,-0.004102231257704438,-0.004102231257704438,0,0,0,0,0,none
C19941,92065557,30,-72.955,46,5,40.0,1,11,0,spruce,30,16.917029660553553,8.575375499988851,2165,0.0,0.0,0.0,0.0,0.0,0.0,0.0,none
C19941,96189966,30,50.046,41.819623157655634,5,40.0,1,11,346.66666666666663,spruce,15,12.370271338241709,0.20728522670463878,2090,1.9332889456097546,1.9332889456097546,0,0,0,0,0,none
C19941,96189966,30,47.046,43,5,40.0,1,11,298.6258854620511,spruce,16,12.370271338241709,0.20728522670463878,2095,1.5298010872254724,1.5298010872254724,0,0,0,0,0,none
C19941,96189966,30,43.046,44,5,40.0,1,11,254.3496072202565,spruce,17,12.370271338241709,0.20728522670463878,2100,1.1318688441375317,1.1318688441375317,0,0,0,0,0,none
C19941,96189966,30,38.046,45,5,40.0,1,11,213.42551321373332,spruce,18,12.370271338241709,0.20728522670463878,2105,0.7661605070303464,0.7661605070303464,0,0,0,0,0,none
C19941,96189966,30,32.046,45,5,40.0,1,11,175.63831735575013,spruce,19,12.370271338241709,0.20728522670463878,2110,0.4473583172519331,0.4473583172519331,0,0,0,0,0,none
C19941,96189966,30,26.046,45,5,40.0,1,11,141.10931811056915,spruce,20,12.370271338241709,0.20728522670463878,2115,0.2232513983843064,0.2232513983843064,0,0,0,0,0,none
C19941,96189966,30,19.046,45,5,40.0,1,11,110.4069098162383,spruce,21,12.370271338241709,0.20728522670463878,2120,0.06125068838721543,0.06125068838721543,0,0,0,0,0,none
C19941,96189966,30,11.046,45,5,40.0,1,11,83.41334580888454,spruce,22,12.370271338241709,0.20728522670463878,2125,-0.0408369750122107,-0.0408369750122107,0,0,0,0,0,none
C19941,96189966,30,3.0459999999999994,45,5,40.0,1,11,60.23057781474215,spruce,23,12.370271338241709,0.20728522670463878,2130,-0.08405217547339924,-0.08405217547339924,0,0,0,0,0,none
C19941,96189966,30,-5.954000000000001,45,5,40.0,1,11,41.31720687362422,spruce,24,12.370271338241709,0.20728522670463878,2135,-0.09293210233048577,-0.09293210233048577,0,0,0,0,0,none
C19941,96189966,30,-14.954,45,5,40.0,1,11,26.542675031010518,spruce,25,12.370271338241709,0.20728522670463878,2140,-0.07771122790900709,-0.07771122790900709,0,0,0,0,0,none
C19941,96189966,30,-24.954,45,5,40.0,1,11,15.805524845221344,spruce,26,12.370271338241709,0.20728522670463878,2145,-0.05494429820725124,-0.05494429820725124,0,0,0,0,0,none
C19941,96189966,30,-35.954,45,5,40.0,1,11,8.5410955648036,spruce,27,12.370271338241709,0.20728522670463878,2150,-0.03271082354252869,-0.03271082354252869,0,0,0,0,0,none
C19941,96189966,30,-46.954,45,5,40.0,1,11,4.0827656300306,spruce,28,12.370271338241709,0.20728522670463878,2155,-0.016011273450414577,-0.016011273450414577,0,0,0,0,0,none
C19941,96189966,30,-57.954,45,5,40.0,1,11,1.6935514300091583,spruce,29,12.370271338241709,0.20728522670463878,2160,-0.006353941187922948,-0.006353941187922948,0,0,0,0,0,none
C19941,96189966,30,-68.95400000000001,46,5,40.0,1,11,0.5983813370718659,spruce,30,12.370271338241709,0.20728522670463878,2165,-0.0020958877579131735,-0.0020958877579131735,0,0,0,0,0,none
C19941,96189966,30,-80.95400000000001,47,5,40.0,1,11,0,spruce,31,12.370271338241709,0.20728522670463878,2170,0.0,0.0,0.0,0.0,0.0,0.0,0.0,none
C19941,75737435,30,50.047,41.82653495486739,5,40.0,1,11,346.66666666666663,spruce,15,19.02387570980409,18.108040674055562,2090,1.9336077664585234,1.9336077664585234,0,0,0,0,0,none
C19941,75737435,30,48.047,43,5,40.0,1,11,298.83373033793197,spruce,16,19.02387570980409,18.108040674055562,2095,1.5878948650864921,1.5878948650864921,0,0,0,0,0,none
C19941,75737435,30,44.047,44,5,40.0,1,11,255.33417696607827,spruce,17,19.02387570980409,18.108040674055562,2100,1.18411367302374,1.18411367302374,0,0,0,0,0,none
C19941,75737435,30,39.047,45,5,40.0,1,11,214.97581142645444,spruce,18,19.02387570980409,18.108040674055562,2105,0.8107544804781935,0.8107544804781935,0,0,0,0,0,none
C19941,75737435,30,33.047,45,5,40.0,1,11,177.55696698153503,spruce,19,19.02387570980409,18.108040674055562,2110,0.48217419476845264,0.48217419476845264,0,0,0,0,0,none
C19941,75737435,30,27.046999999999997,45,5,40.0,1,11,143.207769475852,spruce,20,19.02387570980409,18.108040674055562,2115,0.24885033771046075,0.24885033771046075,0,0,0,0,0,none
C19941,75737435,30,20.046999999999997,45,5,40.0,1,11,112.525569624506,spruce,21,19.02387570980409,18.108040674055562,2120,0.07822653590953214,0.07822653590953214,0,0,0,0,0,none
C19941,75737435,30,12.046999999999997,45,5,40.0,1,11,85.4171029661772,spruce,22,19.02387570980409,18.108040674055562,2125,-0.03130330078000584,-0.03130330078000584,0,0,0,0,0,none
C19941,75737435,30,4.046999999999997,45,5,40.0,1,11,62.01047141085488,spruce,23,19.02387570980409,18.108040674055562,2130,-0.07997662706814726,-0.07997662706814726,0,0,0,0,0,none
C19941,75737435,30,-4.953000000000003,45,5,40.0,1,11,42.80130219780456,spruce,24,19.02387570980409,18.108040674055562,2135,-0.09257663543776766,-0.09257663543776766,0,0,0,0,0,none
C19941,75737435,30,-13.953000000000003,45,5,40.0,1,11,27.694709603549764,spruce,25,19.02387570980409,18.108040674055562,2140,-0.07923381406864091,-0.07923381406864091,0,0,0,0,0,none
C19941,75737435,30,-23.953000000000003,45,5,40.0,1,11,16.630356966424277,spruce,26,19.02387570980409,18.108040674055562,2145,-0.057060565534048424,-0.057060565534048424,0,0,0,0,0,none
C19941,75737435,30,-34.953,45,5,40.0,1,11,9.075785817827143,spruce,27,19.02387570980409,18.108040674055562,2150,-0.034564827156382635,-0.034564827156382635,0,0,0,0,0,none
C19941,75737435,30,-45.953,45,5,40.0,1,11,4.388969660676158,spruce,28,19.02387570980409,18.108040674055562,2155,-0.017222920940713184,-0.017222920940713184,0,0,0,0,0,none
C19941,75737435,30,-56.953,45,5,40.0,1,11,1.845198722143484,spruce,29,19.02387570980409,18.108040674055562,2160,-0.006971385760747924,-0.006971385760747924,0,0,0,0,0,none
C19941,75737435,30,-67.953,46,5,40.0,1,11,0.6620186867154044,spruce,30,19.02387570980409,18.108040674055562,2165,-0.0023522358912818155,-0.0023522358912818155,0,0,0,0,0,none
C19941,75737435,30,-79.953,47,5,40.0,1,11,0,spruce,31,19.02387570980409,18.108040674055562,2170,0.0,0.0,0.0,0.0,0.0,0.0,0.0,none
C19941,34192402,30,50.048,41.83214165711636,5,40.0,1,11,346.66666666666663,spruce,15,3.7526334580486798,12.449918045998423,2090,1.9338788197655157,1.9338788197655157,0,0,0,0,0,none
C19941,34192402,30,48.048,43,5,40.0,1,11,299.0121202074098,spruce,16,3.7526334580486798,12.449918045998423,2095,1.588900080285501,1.588900080285501,0,0,0,0,0,none
C19941,34192402,30,45.048,44,5,40.0,1,11,255.6618939080677,spruce,17,3.7526334580486798,12.449918045998423,2100,1.2341000515771205,1.2341000515771205,0,0,0,0,0,none
C19941,34192402,30,41.048,45,5,40.0,1,11,215.96849439008994,spruce,18,3.7526334580486798,12.449918045998423,2105,0.894279737212976,0.894279737212976,0,0,0,0,0,none
C19941,34192402,30,36.048,45,5,40.0,1,11,179.54604687803942,spruce,19,3.7526334580486798,12.449918045998423,2110,0.5806398668124698,0.5806398668124698,0,0,0,0,0,none
C19941,34192402,30,30.048000000000002,45,5,40.0,1,11,146.34157946395473,spruce,20,3.7526334580486798,12.449918045998423,2115,0.32445039418240973,0.32445039418240973,0,0,0,0,0,none
C19941,34192402,30,23.048000000000002,45,5,40.0,1,11,116.34496644790796,spruce,21,3.7526334580486798,12.449918045998423,2120,0.1313704148850666,0.1313704148850666,0,0,0,0,0,none
C19941,34192402,30,16.048000000000002,45,5,40.0,1,11,89.50445027391235,spruce,22,3.7526334580486798,12.449918045998423,2125,0.013173954267806966,0.013173954267806966,0,0,0,0,0,none
C19941,34192402,30,8.048000000000002,45,5,40.0,1,11,66.3195263509757,spruce,23,3.7526334580486798,12.449918045998423,2130,-0.056059098183214875,-0.056059098183214875,0,0,0,0,0,none
C19941,34192402,30,-0.9519999999999982,45,5,40.0,1,11,46.87132402671394,spruce,24,3.7526334580486798,12.449918045998423,2135,-0.08419854791944574,-0.08419854791944574,0,0,0,0,0,none
C19941,34192402,30,-9.951999999999998,45,5,40.0,1,11,31.181171657250868,spruce,25,3.7526334580486798,12.449918045998423,2140,-0.0802069053044689,-0.0802069053044689,0,0,0,0,0,none
C19941,34192402,30,-19.951999999999998,45,5,40.0,1,11,19.339181844010188,spruce,26,3.7526334580486798,12.449918045998423,2145,-0.062445290755519973,-0.062445290755519973,0,0,0,0,0,none
C19941,34192402,30,-29.951999999999998,45,5,40.0,1,11,10.962654283481493,spruce,27,3.7526334580486798,12.449918045998423,2150,-0.040225789629473034,-0.040225789629473034,0,0,0,0,0,none
C19941,34192402,30,-40.952,45,5,40.0,1,11,5.604066163374553,spruce,28,3.7526334580486798,12.449918045998423,2155,-0.021878223563549664,-0.021878223563549664,0,0,0,0,0,none
C19941,34192402,30,-51.952,45,5,40.0,1,11,2.512979463282476,spruce,29,3.7526334580486798,12.449918045998423,2160,-0.009742689577820277,-0.009742689577820277,0,0,0,0,0,none
C19941,34192402,30,-62.952,45,5,40.0,1,11,0.97061134064061,spruce,30,3.7526334580486798,12.449918045998423,2165,-0.0034827645568075486,-0.0034827645568075486,0,0,0,0,0,none
C19941,34192402,30,-74.952,46,5,40.0,1,11,0,spruce,31,3.7526334580486798,12.449918045998423,2170,0.0,0.0,0.0,0.0,0.0,0.0,0.0,none
C19941,33898391,30,50.049,41.82891852880835,5,40.0,1,11,346.66666666666663,spruce,16,18.215456623476747,7.331132877024689,2095,1.9338266026419695,1.9338266026419695,0,0,0,0,0,none
C19941,33898391,30,47.049,43,5,40.0,1,11,298.0138714239453,spruce,17,18.215456623476747,7.331132877024689,2100,1.5268353861921757,1.5268353861921757,0,0,0,0,0,none
C19941,33898391,30,43.049,44,5,40.0,1,11,253.2059477091463,spruce,18,18.215456623476747,7.331132877024689,2105,1.1269209501345336,1.1269209501345336,0,0,0,0,0,none
C19941,33898391,30,38.049,45,5,40.0,1,11,211.82847661953636,spruce,19,18.215456623476747,7.331132877024689,2110,0.7605419939273191,0.7605419939273191,0,0,0,0,0,none
C19941,33898391,30,32.049,45,5,40.0,1,11,173.84404181478737,spruce,20,18.215456623476747,7.331132877024689,2115,0.442875479376867,0.442875479376867,0,0,0,0,0,none
C19941,33898391,30,25.049,45,5,40.0,1,11,139.26747439761346,spruce,21,18.215456623476747,7.331132877024689,2120,0.1990580041909961,0.1990580041909961,0,0,0,0,0,none
C19941,33898391,30,18.049,45,5,40.0,1,11,108.06543579602841,spruce,22,18.215456623476747,7.331132877024689,2125,0.04507092230334486,0.04507092230334486,0,0,0,0,0,none
C19941,33898391,30,10.049,45,5,40.0,1,11,80.8593905882036,spruce,23,18.215456623476747,7.331132877024689,2130,-0.04932629190597175,-0.04932629190597175,0,0,0,0,0,none
C19941,33898391,30,1.0489999999999995,45,5,40.0,1,11,57.79505183053553,spruce,24,18.215456623476747,7.331132877024689,2135,-0.09247567617025458,-0.09247567617025458,0,0,0,0,0,none
C19941,33898391,30,-7.9510000000000005,45,5,40.0,1,11,38.95879869756081,spruce,25,18.215456623476747,7.331132877024689,2140,-0.09408238693597018,-0.09408238693597018,0,0,0,0,0,none
C19941,33898391,30,-17.951,45,5,40.0,1,11,24.537863151161254,spruce,26,18.215456623476747,7.331132877024689,2145,-0.07643204143878539,-0.07643204143878539,0,0,0,0,0,none
C19941,33898391,30,-27.951,45,5,40.0,1,11,14.164253016924707,spruce,27,18.215456623476747,7.331132877024689,2150,-0.050970525794533025,-0.050970525794533025,0,0,0,0,0,none
C19941,33898391,30,-38.951,45,5,40.0,1,11,7.39541262925671,spruce,28,18.215456623476747,7.331132877024689,2155,-0.02869996250221205,-0.02869996250221205,0,0,0,0,0,none
C19941,33898391,30,-49.951,45,5,40.0,1,11,3.3991135987963164,spruce,29,18.215456623476747,7.331132877024689,2160,-0.013261093970596435,-0.013261093970596435,0,0,0,0,0,none
C19941,33898391,30,-60.951,45,5,40.0,1,11,1.3506272351690831,spruce,30,18.215456623476747,7.331132877024689,2165,-0.004943581952547981,-0.004943581952547981,0,0,0,0,0,none
C19941,33898391,30,-71.951,46,5,40.0,1,11,0,spruce,31,18.215456623476747,7.331132877024689,2170,0.0,0.0,0.0,0.0,0.0,0.0,0.0,none
C19941,48274584,30,50.05,41.89365568790428,5,40.0,1,11,346.66666666666663,spruce,16,18.777729547394266,0.6189801254230143,2095,1.9362622426675997,1.9362622426675997,0,0,0,0,0,none
C19941,48274584,30,47.05,43,5,40.0,1,11,298.2253202620779,spruce,17,18.777729547394266,0.6189801254230143,2100,1.5279752666282758,1.5279752666282758,0,0,0,0,0,none
C19941,48274584,30,43.05,44,5,40.0,1,11,253.56147612662298,spruce,18,18.777729547394266,0.6189801254230143,2105,1.1285504856748945,1.1285504856748945,0,0,0,0,0,none
C19941,48274584,30,38.05,45,5,40.0,1,11,212.26264885171952,spruce,19,18.777729547394266,0.6189801254230143,2110,0.762139101076071,0.762139101076071,0,0,0,0,0,none
C19941,48274584,30,32.05,45,5,40.0,1,11,174.29761349131658,spruce,20,18.777729547394266,0.6189801254230143,2115,0.4440601364309966,0.4440601364309966,0,0,0,0,0,none
C19941,48274584,30,25.049999999999997,45,5,40.0,1,11,139.6925445016731,spruce,21,18.777729547394266,0.6189801254230143,2120,0.19968682416115405,0.19968682416115405,0,0,0,0,0,none
C19941,48274584,30,18.049999999999997,45,5,40.0,1,11,108.42636114373111,spruce,22,18.777729547394266,0.6189801254230143,2125,0.04523631230488671,0.04523631230488671,0,0,0,0,0,none
C19941,48274584,30,10.049999999999997,45,5,40.0,1,11,81.14319297684642,spruce,23,18.777729547394266,0.6189801254230143,2130,-0.049489702738949724,-0.049489702738949724,0,0,0,0,0,none
C19941,48274584,30,1.0499999999999972,45,5,40.0,1,11,58.00146469523451,spruce,24,18.777729547394266,0.6189801254230143,2135,-0.09280013360581904,-0.09280013360581904,0,0,0,0,0,none
C19941,48274584,30,-7.950000000000003,45,5,40.0,1,11,39.09745300101065,spruce,25,18.777729547394266,0.6189801254230143,2140,-0.09441406658899498,-0.09441406658899498,0,0,0,0,0,none
C19941,48274584,30,-17.950000000000003,45,5,40.0,1,11,24.624179866555473,spruce,26,18.777729547394266,0.6189801254230143,2145,-0.07669944873815024,-0.07669944873815024,0,0,0,0,0,none
C19941,48274584,30,-27.950000000000003,45,5,40.0,1,11,14.213746436190538,spruce,27,18.777729547394266,0.6189801254230143,2150,-0.051148095682668634,-0.051148095682668634,0,0,0,0,0,none
C19941,48274584,30,-38.95,45,5,40.0,1,11,7.421318080391218,spruce,28,18.777729547394266,0.6189801254230143,2155,-0.028800393680151196,-0.028800393680151196,0,0,0,0,0,none
C19941,48274584,30,-49.95,45,5,40.0,1,11,3.4111839705418863,spruce,29,18.777729547394266,0.6189801254230143,2160,-0.013308218777018673,-0.013308218777018673,0,0,0,0,0,none
C19941,48274584,30,-60.95,45,5,40.0,1,11,1.355510747795899,spruce,30,18.777729547394266,0.6189801254230143,2165,-0.004961502479623404,-0.004961502479623404,0,0,0,0,0,none
C19941,48274584,30,-71.95,46,5,40.0,1,11,0,spruce,31,18.777729547394266,0.6189801254230143,2170,0.0,0.0,0.0,0.0,0.0,0.0,0.0,none
C19941,55602145,30,50.051,41.819272346167764,5,40.0,1,11,346.66666666666663,spruce,16,0.5457444703493763,10.441024945050215,2095,1.9336049488626808,1.9336049488626808,0,0,0,0,0,none
C19941,55602145,30,47.051,43,5,40.0,1,11,298.43553539652765,spruce,17,0.5457444703493763,10.441024945050215,2100,1.529108906682817,1.529108906682817,0,0,0,0,0,none
C19941,55602145,30,43.051,44,5,40.0,1,11,253.91546604891533,spruce,18,0.5457444703493763,10.441024945050215,2105,1.1301733063470634,1.1301733063470634,0,0,0,0,0,none
C19941,55602145,30,38.051,45,5,40.0,1,11,212.69558165418994,spruce,19,0.5457444703493763,10.441024945050215,2110,0.7637319147865771,0.7637319147865771,0,0,0,0,0,none
C19941,55602145,30,32.051,45,5,40.0,1,11,174.75049627495846,spruce,20,0.5457444703493763,10.441024945050215,2115,0.44524319042729676,0.44524319042729676,0,0,0,0,0,none
C19941,55602145,30,25.051000000000002,45,5,40.0,1,11,140.11743712377123,spruce,21,0.5457444703493763,10.441024945050215,2120,0.20031552007400144,0.20031552007400144,0,0,0,0,0,none
C19941,55602145,30,18.051000000000002,45,5,40.0,1,11,108.7874054154053,spruce,22,0.5457444703493763,10.441024945050215,2125,0.045401851095624356,0.045401851095624356,0,0,0,0,0,none
C19941,55602145,30,10.051000000000002,45,5,40.0,1,11,81.42721643826899,spruce,23,0.5457444703493763,10.441024945050215,2130,-0.04965318023945583,-0.04965318023945583,0,0,0,0,0,none
C19941,55602145,30,1.051000000000002,45,5,40.0,1,11,58.20807220188564,spruce,24,0.5457444703493763,10.441024945050215,2135,-0.09312486092041108,-0.09312486092041108,0,0,0,0,0,none
C19941,55602145,30,-7.948999999999998,45,5,40.0,1,11,39.236232631648704,spruce,25,0.5457444703493763,10.441024945050215,2140,-0.09474602638310822,-0.09474602638310822,0,0,0,0,0,none
C19941,55602145,30,-17.948999999999998,45,5,40.0,1,11,24.710564135829696,spruce,26,0.5457444703493763,10.441024945050215,2145,-0.0769670561803067,-0.0769670561803067,0,0,0,0,0,none
C19941,55602145,30,-27.948999999999998,45,5,40.0,1,11,14.263274920809565,spruce,27,0.5457444703493763,10.441024945050215,2150,-0.05132578800371746,-0.05132578800371746,0,0,0,0,0,none
C19941,55602145,30,-38.949,45,5,40.0,1,11,7.447242212422776,spruce,28,0.5457444703493763,10.441024945050215,2155,-0.02890089662472681,-0.02890089662472681,0,0,0,0,0,none
C19941,55602145,30,-49.949,45,5,40.0,1,11,3.4232644728660953,spruce,29,0.5457444703493763,10.441024945050215,2160,-0.01335538334106427,-0.01335538334106427,0,0,0,0,0,none
C19941,55602145,30,-60.949,45,5,40.0,1,11,1.360399140587922,spruce,30,0.5457444703493763,10.441024945050215,2165,-0.004979441196791828,-0.004979441196791828,0,0,0,0,0,none
C19941,55602145,30,-71.949,46,5,40.0,1,11,0,spruce,31,0.5457444703493763,10.441024945050215,2170,0.0,0.0,0.0,0.0,0.0,0.0,0.0,none
C19941,21905238,30,50.052,41.83228623278815,5,40.0,1,11,346.66666666666663,spruce,17,18.73736762618187,16.886598971314264,2100,1.934147287324312,1.934147287324312,0,0,0,0,0,none
C19941,21905238,30,46.052,43,5,40.0,1,11,297.3375789894268,spruce,18,18.73736762618187,16.886598971314264,2105,1.4674639086061296,1.4674639086061296,0,0,0,0,0,none
C19941,21905238,30,41.052,44,5,40.0,1,11,251.26689613448082,spruce,19,18.73736762618187,16.886598971314264,2110,1.0259116105257664,1.0259116105257664,0,0,0,0,0,none
C19941,21905238,30,35.052,44,5,40.0,1,11,208.4494119605911,spruce,20,18.73736762618187,16.886598971314264,2115,0.6314074332065737,0.6314074332065737,0,0,0,0,0,none
C19941,21905238,30,29.052,44,5,40.0,1,11,168.95469310073378,spruce,21,18.73736762618187,16.886598971314264,2120,0.34657798239724624,0.34657798239724624,0,0,0,0,0,none
C19941,21905238,30,22.052,44,5,40.0,1,11,133.31292959785458,spruce,22,18.73736762618187,16.886598971314264,2125,0.1342197900699933,0.1342197900699933,0,0,0,0,0,none
C19941,21905238,30,14.052,44,5,40.0,1,11,101.64458288077351,spruce,23,18.73736762618187,16.886598971314264,2130,-0.006102618348306443,-0.006102618348306443,0,0,0,0,0,none
C19941,21905238,30,6.052,44,5,40.0,1,11,74.2317039701224,spruce,24,18.73736762618187,16.886598971314264,2135,-0.07360393580037136,-0.07360393580037136,0,0,0,0,0,none
C19941,21905238,30,-2.9480000000000004,44,5,40.0,1,11,51.620443382513876,spruce,25,18.73736762618187,16.886598971314264,2140,-0.09692850859129987,-0.09692850859129987,0,0,0,0,0,none
C19941,21905238,30,-11.948,44,5,40.0,1,11,33.71624795015313,spruce,26,18.73736762618187,16.886598971314264,2145,-0.08741281554336053,-0.08741281554336053,0,0,0,0,0,none
C19941,21905238,30,-21.948,44,5,40.0,1,11,20.484341876124166,spruce,27,18.73736762618187,16.886598971314264,2150,-0.06526372204898163,-0.06526372204898163,0,0,0,0,0,none
C19941,21905238,30,-32.948,44,5,40.0,1,11,11.354998400774592,spruce,28,18.73736762618187,16.886598971314264,2155,-0.04081621369368335,-0.04081621369368335,0,0,0,0,0,none
C19941,21905238,30,-43.948,44,5,40.0,1,11,5.598635108410778,spruce,29,18.73736762618187,16.886598971314264,2160,-0.02097930171858806,-0.02097930171858806,0,0,0,0,0,none
C19941,21905238,30,-54.948,44,5,40.0,1,11,2.412448974481123,spruce,30,18.73736762618187,16.886598971314264,2165,-0.008790973143579862,-0.008790973143579862,0,0,0,0,0,none
C19941,21905238,30,-65.94800000000001,45,5,40.0,1,11,0.8918709111563149,spruce,31,18.73736762618187,16.886598971314264,2170,-0.003089650152488374,-0.003089650152488374,0,0,0,0,0,none
C19941,21905238,30,-77.94800000000001,46,5,40.0,1,11,0,spruce,32,18.73736762618187,16.886598971314264,2175,0.0,0.0,0.0,0.0,0.0,0.0,0.0,none
C19941,56786632,30,50.053,41.83653359239048,5,40.0,1,11,346.66666666666663,spruce,17,6.287532322281009,3.4953175271262316,2100,1.934368618783681,1.934368618783681,0,0,0,0,0,none
C19941,56786632,30,47.053,43,5,40.0,1,11,297.58125320579546,spruce,18,6.287532322281009,3.4953175271262316,2105,1.5248446371286914,1.5248446371286914,0,0,0,0,0,none
C19941,56786632,30,43.053,44,5,40.0,1,11,252.32539133804298,spruce,19,6.287532322281009,3.4953175271262316,2110,1.1231898882244156,1.1231898882244156,0,0,0,0,0,none
C19941,56786632,30,38.053,45,5,40.0,1,11,210.68983272254445,spruce,20,6.287532322281009,3.4953175271262316,2115,0.7566057905983582,0.7566057905983582,0,0,0,0,0,none
C19941,56786632,30,32.053,45,5,40.0,1,11,172.5431646642871,spruce,21,6.287532322281009,3.4953175271262316,2120,0.439676916249926,0.439676916249926,0,0,0,0,0,none
C19941,56786632,30,25.052999999999997,45,5,40.0,1,11,137.727632070813,spruce,22,6.287532322281009,3.4953175271262316,2125,0.1969409124909533,0.1969409124909533,0,0,0,0,0,none
C19941,56786632,30,17.052999999999997,45,5,40.0,1,11,106.40093568144698,spruce,23,6.287532322281009,3.4953175271262316,2130,0.029968217480116622,0.029968217480116622,0,0,0,0,0,none
C19941,56786632,30,9.052999999999997,45,5,40.0,1,11,78.8932671318409,spruce,24,6.287532322281009,3.4953175271262316,2135,-0.05745087255397987,-0.05745087255397987,0,0,0,0,0,none
C19941,56786632,30,0.05299999999999727,45,5,40.0,1,11,55.83039047761319,spruce,25,6.287532322281009,3.4953175271262316,2140,-0.09484803337089044,-0.09484803337089044,0,0,0,0,0,none
C19941,56786632,30,-8.947000000000003,45,5,40.0,1,11,37.220136770968864,spruce,26,6.287532322281009,3.4953175271262316,2145,-0.09283937067886747,-0.09283937067886747,0,0,0,0,0,none
C19941,56786632,30,-18.947000000000003,45,5,40.0,1,11,23.15869661736999,spruce,27,6.287532322281009,3.4953175271262316,2150,-0.07347635009036446,-0.07347635009036446,0,0,0,0,0,none
C19941,56786632,30,-28.947000000000003,45,5,40.0,1,11,13.201597078830996,spruce,28,6.287532322281009,3.4953175271262316,2155,-0.04798600019698595,-0.04798600019698595,0,0,0,0,0,none
C19941,56786632,30,-39.947,45,5,40.0,1,11,6.799416271856073,spruce,29,6.287532322281009,3.4953175271262316,2160,-0.026472950760780836,-0.026472950760780836,0,0,0,0,0,none
C19941,56786632,30,-50.947,45,5,40.0,1,11,3.0821929929902674,spruce,30,6.287532322281009,3.4953175271262316,2165,-0.011990595200277817,-0.011990595200277817,0,0,0,0,0,none
C19941,56786632,30,-61.947,45,5,40.0,1,11,1.2075210609814415,spruce,31,6.287532322281009,3.4953175271262316,2170,-0.004377818125318893,-0.004377818125318893,0,0,0,0,0,none
C19941,56786632,30,-73.947,46,5,40.0,1,11,0,spruce,32,6.287532322281009,3.4953175271262316,2175,0.0,0.0,0.0,0.0,0.0,0.0,0.0,none
C19941,06485809,30,50.054,41.79695073913379,5,40.0,1,11,346.66666666666663,spruce,17,16.32703023654428,3.702607965380613,2100,1.9329846708307772,1.9329846708307772,0,0,0,0,0,none
C19941,06485809,30,47.054,43,5,40.0,1,11,297.7952736454331,spruce,18,16.32703023654428,3.702607965380613,2105,1.5259977760807961,1.5259977760807961,0,0,0,0,0,none
C19941,06485809,30,43.054,44,5,40.0,1,11,252.68478418144318,spruce,19,16.32703023654428,3.702607965380613,2110,1.1248367294044137,1.1248367294044137,0,0,0,0,0,none
C19941,06485809,30,38.054,45,5,40.0,1,11,211.12729289571845,spruce,20,16.32703023654428,3.702607965380613,2115,0.758214815281614,0.758214815281614,0,0,0,0,0,none
C19941,06485809,30,32.054,45,5,40.0,1,11,172.9986644663226,spruce,21,16.32703023654428,3.702607965380613,2120,0.4408665743076236,0.4408665743076236,0,0,0,0,0,none
C19941,06485809,30,25.054000000000002,45,5,40.0,1,11,138.15290010675264,spruce,22,16.32703023654428,3.702607965380613,2125,0.19757004113578724,0.19757004113578724,0,0,0,0,0,none
C19941,06485809,30,17.054000000000002,45,5,40.0,1,11,106.76250308658686,spruce,23,16.32703023654428,3.702607965380613,2130,0.030084454923153526,0.030084454923153526,0,0,0,0,0,none
C19941,06485809,30,9.054000000000002,45,5,40.0,1,11,79.17386144638728,spruce,24,16.32703023654428,3.702607965380613,2135,-0.05764589464258293,-0.05764589464258293,0,0,0,0,0,none
C19941,06485809,30,0.054000000000002046,45,5,40.0,1,11,56.03183838756607,spruce,25,16.32703023654428,3.702607965380613,2140,-0.09518476744026227,-0.09518476744026227,0,0,0,0,0,none
C19941,06485809,30,-8.945999999999998,45,5,40.0,1,11,37.353786538929846,spruce,26,16.32703023654428,3.702607965380613,2145,-0.09316979949573367,-0.09316979949573367,0,0,0,0,0,none
C19941,06485809,30,-18.945999999999998,45,5,40.0,1,11,23.240902280421466,spruce,27,16.32703023654428,3.702607965380613,2150,-0.07373584129746286,-0.07373584129746286,0,0,0,0,0,none
C19941,06485809,30,-28.945999999999998,45,5,40.0,1,11,13.24820049099607,spruce,28,16.32703023654428,3.702607965380613,2155,-0.04815492823269417,-0.04815492823269417,0,0,0,0,0,none
C19941,06485809,30,-39.946,45,5,40.0,1,11,6.823508385838868,spruce,29,16.32703023654428,3.702607965380613,2160,-0.026566672136459545,-0.026566672136459545,0,0,0,0,0,none
C19941,06485809,30,-50.946,45,5,40.0,1,11,3.093268740676764,spruce,30,16.32703023654428,3.702607965380613,2165,-0.012033720637307746,-0.012033720637307746,0,0,0,0,0,none
C19941,06485809,30,-61.946,45,5,40.0,1,11,1.2119374126740223,spruce,31,16.32703023654428,3.702607965380613,2170,-0.004393873018913856,-0.004393873018913856,0,0,0,0,0,none
C19941,06485809,30,-73.946,46,5,40.0,1,11,0,spruce,32,16.32703023654428,3.702607965380613,2175,0.0,0.0,0.0,0.0,0.0,0.0,0.0,none
C19941,40661332,30,50.055,41.86394101252623,5,40.0,1,11,346.66666666666663,spruce,18,19.507000685405732,3.3596658639922983,2105,1.9355038599840293,1.9355038599840293,0,0,0,0,0,none
C19941,40661332,30,46.055,43,5,40.0,1,11,296.57055048275123,spruce,19,19.507000685405732,3.3596658639922983,2110,1.4638452339752217,1.4638452339752217,0,0,0,0,0,none
C19941,40661332,30,41.055,44,5,40.0,1,11,250.01131327699053,spruce,20,19.507000685405732,3.3596658639922983,2115,1.0209216237841188,1.0209216237841188,0,0,0,0,0,none
C19941,40661332,30,35.055,44,5,40.0,1,11,206.8781381149556,spruce,21,19.507000685405732,3.3596658639922983,2120,0.6267530158414074,0.6267530158414074,0,0,0,0,0,none
C19941,40661332,30,28.055,44,5,40.0,1,11,167.03351079492288,spruce,22,19.507000685405732,3.3596658639922983,2125,0.3167309235842809,0.3167309235842809,0,0,0,0,0,none
C19941,40661332,30,21.055,44,5,40.0,1,11,130.70588685039345,spruce,23,19.507000685405732,3.3596658639922983,2130,0.11325210239008862,0.11325210239008862,0,0,0,0,0,none
C19941,40661332,30,13.055,44,5,40.0,1,11,98.79203907980263,spruce,24,19.507000685405732,3.3596658639922983,2135,-0.018129299588522475,-0.018129299588522475,0,0,0,0,0,none
C19941,40661332,30,4.055,44,5,40.0,1,11,71.47063551497341,spruce,25,19.507000685405732,3.3596658639922983,2140,-0.08597642636472475,-0.08597642636472475,0,0,0,0,0,none
C19941,40661332,30,-4.945,44,5,40.0,1,11,48.890410582967185,spruce,26,19.507000685405732,3.3596658639922983,2145,-0.10028046735429971,-0.10028046735429971,0,0,0,0,0,none
C19941,40661332,30,-14.945,44,5,40.0,1,11,31.347612447319158,spruce,27,19.507000685405732,3.3596658639922983,2150,-0.08754270260573371,-0.08754270260573371,0,0,0,0,0,none
C19941,40661332,30,-24.945,44,5,40.0,1,11,18.51278453615786,spruce,28,19.507000685405732,3.3596658639922983,2155,-0.06151234104275669,-0.06151234104275669,0,0,0,0,0,none
C19941,40661332,30,-35.945,44,5,40.0,1,11,9.936204920983752,spruce,29,19.507000685405732,3.3596658639922983,2160,-0.036381527157769135,-0.036381527157769135,0,0,0,0,0,none
C19941,40661332,30,-46.945,44,5,40.0,1,11,4.726251672637611,spruce,30,19.507000685405732,3.3596658639922983,2165,-0.017697241591953083,-0.017697241591953083,0,0,0,0,0,none
C19941,40661332,30,-57.945,44,5,40.0,1,11,1.9570457556485716,spruce,31,19.507000685405732,3.3596658639922983,2170,-0.006989646200607479,-0.006989646200607479,0,0,0,0,0,none
C19941,40661332,30,-68.945,45,5,40.0,1,11,0.6908717103514983,spruce,32,19.507000685405732,3.3596658639922983,2175,-0.0022942387593202235,-0.0022942387593202235,0,0,0,0,0,none
C19941,40661332,30,-80.945,46,5,40.0,1,11,0,spruce,33,19.507000685405732,3.3596658639922983,2180,0.0,0.0,0.0,0.0,0.0,0.0,0.0,none
C19941,73505617,30,50.056,41.805738278877214,5,40.0,1,11,346.66666666666663,spruce,18,13.374655404134641,9.537646670423868,2105,1.9334380548202115,1.9334380548202115,0,0,0,0,0,none
C19941,73505617,30,46.056,43,5,40.0,1,11,296.81908078737064,spruce,19,13.374655404134641,9.537646670423868,2110,1.4651276303186476,1.4651276303186476,0,0,0,0,0,none
C19941,73505617,30,41.056,44,5,40.0,1,11,250.41847290259898,spruce,20,13.374655404134641,9.537646670423868,2115,1.022629836791486,1.022629836791486,0,0,0,0,0,none
C19941,73505617,30,35.056,44,5,40.0,1,11,207.36005241770408,spruce,21,13.374655404134641,9.537646670423868,2120,0.628248120215364,0.628248120215364,0,0,0,0,0,none
C19941,73505617,30,28.055999999999997,44,5,40.0,1,11,167.51884392809302,spruce,22,13.374655404134641,9.537646670423868,2125,0.31767710118847625,0.31767710118847625,0,0,0,0,0,none
C19941,73505617,30,21.055999999999997,44,5,40.0,1,11,131.13686630647223,spruce,23,13.374655404134641,9.537646670423868,2130,0.11364385176101313,0.11364385176101313,0,0,0,0,0,none
C19941,73505617,30,13.055999999999997,44,5,40.0,1,11,99.14229821443844,spruce,24,13.374655404134641,9.537646670423868,2135,-0.018181401925213315,-0.018181401925213315,0,0,0,0,0,none
C19941,73505617,30,4.055999999999997,44,5,40.0,1,11,71.73192346379285,spruce,25,13.374655404134641,9.537646670423868,2140,-0.08628330298781396,-0.08628330298781396,0,0,0,0,0,none
C19941,73505617,30,-4.944000000000003,44,5,40.0,1,11,49.06944638464571,spruce,26,13.374655404134641,9.537646670423868,2145,-0.10064353516672349,-0.10064353516672349,0,0,0,0,0,none
C19941,73505617,30,-14.944000000000003,44,5,40.0,1,11,31.461050588701646,spruce,27,13.374655404134641,9.537646670423868,2150,-0.08785749460506505,-0.08785749460506505,0,0,0,0,0,none
C19941,73505617,30,-24.944000000000003,44,5,40.0,1,11,18.579105066092684,spruce,28,13.374655404134641,9.537646670423868,2155,-0.06173191558387758,-0.06173191558387758,0,0,0,0,0,none
C19941,73505617,30,-35.944,44,5,40.0,1,11,9.971752997839047,spruce,29,13.374655404134641,9.537646670423868,2160,-0.03651149566639963,-0.03651149566639963,0,0,0,0,0,none
C19941,73505617,30,-46.944,44,5,40.0,1,11,4.743361640708369,spruce,30,13.374655404134641,9.537646670423868,2165,-0.017761328510913985,-0.017761328510913985,0,0,0,0,0,none
C19941,73505617,30,-57.944,44,5,40.0,1,11,1.9642641603417959,spruce,31,13.374655404134641,9.537646670423868,2170,-0.007015480667034836,-0.007015480667034836,0,0,0,0,0,none
C19941,73505617,30,-68.944,45,5,40.0,1,11,0.6934662440928745,spruce,32,13.374655404134641,9.537646670423868,2175,-0.0023028900950827873,-0.0023028900950827873,0,0,0,0,0,none
C19941,73505617,30,-80.944,46,5,40.0,1,11,0,spruce,33,13.374655404134641,9.537646670423868,2180,0.0,0.0,0.0,0.0,0.0,0.0,0.0,none
C19941,77253955,30,50.057,41.82842045396127,5,40.0,1,11,346.66666666666663,spruce,18,9.372566854922184,9.148098321788634,2105,1.9343346767206138,1.9343346767206138,0,0,0,0,0,none
C19941,77253955,30,47.057,43,5,40.0,1,11,297.0660498948357,spruce,19,9.372566854922184,9.148098321788634,2110,1.5224300023254196,1.5224300023254196,0,0,0,0,0,none
C19941,77253955,30,43.057,44,5,40.0,1,11,251.48447246898087,spruce,20,9.372566854922184,9.148098321788634,2115,1.1196339931294204,1.1196339931294204,0,0,0,0,0,none
C19941,77253955,30,38.057,45,5,40.0,1,11,209.61024711833997,spruce,21,9.372566854922184,9.148098321788634,2120,0.7528800783131597,0.7528800783131597,0,0,0,0,0,none
C19941,77253955,30,32.057,45,5,40.0,1,11,171.1265155083987,spruce,22,9.372566854922184,9.148098321788634,2125,0.4361815284084658,0.4361815284084658,0,0,0,0,0,none
C19941,77253955,30,25.057000000000002,45,5,40.0,1,11,136.07186716451724,spruce,23,9.372566854922184,9.148098321788634,2130,0.19465611904860772,0.19465611904860772,0,0,0,0,0,none
C19941,77253955,30,17.057000000000002,45,5,40.0,1,11,104.72210908466019,spruce,24,9.372566854922184,9.148098321788634,2135,0.02955187281800111,0.02955187281800111,0,0,0,0,0,none
C19941,77253955,30,9.057000000000002,45,5,40.0,1,11,77.34480655684781,spruce,25,9.372566854922184,9.148098321788634,2140,-0.0562868891312465,-0.0562868891312465,0,0,0,0,0,none
C19941,77253955,30,0.05700000000000216,45,5,40.0,1,11,54.51561354925543,spruce,26,9.372566854922184,9.148098321788634,2145,-0.0925930142893664,-0.0925930142893664,0,0,0,0,0,none
C19941,77253955,30,-8.942999999999998,45,5,40.0,1,11,36.196720658329184,spruce,27,9.372566854922184,9.148098321788634,2150,-0.09027524269446538,-0.09027524269446538,0,0,0,0,0,none
C19941,77253955,30,-18.942999999999998,45,5,40.0,1,11,22.451857602211096,spruce,28,9.372566854922184,9.148098321788634,2155,-0.07122861715565788,-0.07122861715565788,0,0,0,0,0,none
C19941,77253955,30,-29.942999999999998,45,5,40.0,1,11,12.762898268645852,spruce,29,9.372566854922184,9.148098321788634,2160,-0.04682769298362464,-0.04682769298362464,0,0,0,0,0,none
C19941,77253955,30,-40.943,45,5,40.0,1,11,6.494304899711647,spruce,30,9.372566854922184,9.148098321788634,2165,-0.025353155417939727,-0.025353155417939727,0,0,0,0,0,none
C19941,77253955,30,-51.943,45,5,40.0,1,11,2.907419902316946,spruce,31,9.372566854922184,9.148098321788634,2170,-0.011272289798282771,-0.011272289798282771,0,0,0,0,0,none
C19941,77253955,30,-62.943,45,5,40.0,1,11,1.122030826567068,spruce,32,9.372566854922184,9.148098321788634,2175,-0.004026475680321175,-0.004026475680321175,0,0,0,0,0,none
C19941,77253955,30,-74.943,46,5,40.0,1,11,0,spruce,33,9.372566854922184,9.148098321788634,2180,0.0,0.0,0.0,0.0,0.0,0.0,0.0,none
C19941,95490915,30,50.058,41.84662290470623,5,40.0,1,11,333.33333333333337,spruce,19,16.199774213248325,0.25207534059752623,2110,1.860641520216025,1.860641520216025,0,0,0,0,0,none
C19941,95490915,30,46.058,43,5,40.0,1,11,284.5369080314158,spruce,20,16.199774213248325,0.25207534059752623,2115,1.4046083812664327,1.4046083812664327,0,0,0,0,0,none
C19941,95490915,30,41.058,44,5,40.0,1,11,239.30651025216181,spruce,21,16.199774213248325,0.25207534059752623,2120,0.9773392047489677,0.9773392047489677,0,0,0,0,0,none
C19941,95490915,30,35.058,44,5,40.0,1,11,197.32696992889328,spruce,22,16.199774213248325,0.25207534059752623,2125,0.5979172575415318,0.5979172575415318,0,0,0,0,0,none
C19941,95490915,30,28.058,44,5,40.0,1,11,158.66806336301073,spruce,23,16.199774213248325,0.25207534059752623,2130,0.30094181090000005,0.30094181090000005,0,0,0,0,0,none
C19941,95490915,30,20.058,44,5,40.0,1,11,123.67077998179909,spruce,24,16.199774213248325,0.25207534059752623,2135,0.09006075685314555,0.09006075685314555,0,0,0,0,0,none
C19941,95490915,30,12.058,44,5,40.0,1,11,92.6831469193587,spruce,25,16.199774213248325,0.25207534059752623,2140,-0.028257115147677297,-0.028257115147677297,0,0,0,0,0,none
C19941,95490915,30,3.058,44,5,40.0,1,11,66.43432565633806,spruce,26,16.199774213248325,0.25207534059752623,2145,-0.0867204348640415,-0.0867204348640415,0,0,0,0,0,none
C19941,95490915,30,-5.942,44,5,40.0,1,11,44.985734061460995,spruce,27,16.199774213248325,0.25207534059752623,2150,-0.09602417090189876,-0.09602417090189876,0,0,0,0,0,none
C19941,95490915,30,-15.942,44,5,40.0,1,11,28.54826536608155,spruce,28,16.199774213248325,0.25207534059752623,2155,-0.08150472812953102,-0.08150472812953102,0,0,0,0,0,none
C19941,95490915,30,-25.942,44,5,40.0,1,11,16.669605450831753,spruce,29,16.199774213248325,0.25207534059752623,2160,-0.0560757016341441,-0.0560757016341441,0,0,0,0,0,none
C19941,95490915,30,-36.942,44,5,40.0,1,11,8.844930046735374,spruce,30,16.199774213248325,0.25207534059752623,2165,-0.03254557289088752,-0.03254557289088752,0,0,0,0,0,none
C19941,95490915,30,-47.942,44,5,40.0,1,11,4.157539258103851,spruce,31,16.199774213248325,0.25207534059752623,2170,-0.015546399730579098,-0.015546399730579098,0,0,0,0,0,none
C19941,95490915,30,-58.942,44,5,40.0,1,11,1.696912798146406,spruce,32,16.199774213248325,0.25207534059752623,2175,-0.006012517044464696,-0.006012517044464696,0,0,0,0,0,none
C19941,95490915,30,-69.94200000000001,45,5,40.0,1,11,0.5922781235531871,spruce,33,16.199774213248325,0.25207534059752623,2180,-0.001936016659523068,-0.001936016659523068,0,0,0,0,0,none
C19941,95490915,30,-81.94200000000001,46,5,40.0,1,11,0,spruce,34,16.199774213248325,0.25207534059752623,2185,0.0,0.0,0.0,0.0,0.0,0.0,0.0,none
C19941,97414835,30,50.059,41.80458422260132,5,40.0,1,11,333.33333333333337,spruce,19,8.984935071732751,18.295773734838686,2110,1.8592240647494647,1.8592240647494647,0,0,0,0,0,none
C19941,97414835,30,46.059,43,5,40.0,1,11,284.770571890087,spruce,20,8.984935071732751,18.295773734838686,2115,1.4058152715363335,1.4058152715363335,0,0,0,0,0,none
C19941,97414835,30,41.059,44,5,40.0,1,11,239.6877378554065,spruce,21,8.984935071732751,18.295773734838686,2120,0.9789397809851738,0.9789397809851738,0,0,0,0,0,none
C19941,97414835,30,35.059,44,5,40.0,1,11,197.77668569855152,spruce,22,8.984935071732751,18.295773734838686,2125,0.5993134211264646,0.5993134211264646,0,0,0,0,0,none
C19941,97414835,30,28.058999999999997,44,5,40.0,1,11,159.11879312124762,spruce,23,8.984935071732751,18.295773734838686,2130,0.3018212852288988,0.3018212852288988,0,0,0,0,0,none
C19941,97414835,30,20.058999999999997,44,5,40.0,1,11,124.07229826149363,spruce,24,8.984935071732751,18.295773734838686,2135,0.09037022658367422,0.09037022658367422,0,0,0,0,0,none
C19941,97414835,30,12.058999999999997,44,5,40.0,1,11,93.00493730555627,spruce,25,8.984935071732751,18.295773734838686,2140,-0.02834399823964763,-0.02834399823964763,0,0,0,0,0,none
C19941,97414835,30,3.0589999999999975,44,5,40.0,1,11,66.67121512802599,spruce,26,8.984935071732751,18.295773734838686,2145,-0.08702288283618179,-0.08702288283618179,0,0,0,0,0,none
C19941,97414835,30,-5.9410000000000025,44,5,40.0,1,11,45.1460904858088,spruce,27,8.984935071732751,18.295773734838686,2150,-0.09636272939292387,-0.09636272939292387,0,0,0,0,0,none
C19941,97414835,30,-15.941000000000003,44,5,40.0,1,11,28.648806895621185,spruce,28,8.984935071732751,18.295773734838686,2155,-0.08179001111572559,-0.08179001111572559,0,0,0,0,0,none
C19941,97414835,30,-25.941000000000003,44,5,40.0,1,11,16.727791651458663,spruce,29,8.984935071732751,18.295773734838686,2160,-0.05627076249827492,-0.05627076249827492,0,0,0,0,0,none
C19941,97414835,30,-36.941,44,5,40.0,1,11,8.87580811600326,spruce,30,8.984935071732751,18.295773734838686,2165,-0.03265903957147417,-0.03265903957147417,0,0,0,0,0,none
C19941,97414835,30,-47.941,44,5,40.0,1,11,4.1722373820977525,spruce,31,8.984935071732751,18.295773734838686,2170,-0.015601386682510557,-0.015601386682510557,0,0,0,0,0,none
C19941,97414835,30,-58.941,44,5,40.0,1,11,1.7030243792061077,spruce,32,8.984935071732751,18.295773734838686,2175,-0.006034221823053638,-0.006034221823053638,0,0,0,0,0,none
C19941,97414835,30,-69.941,45,5,40.0,1,11,0.5944485263612151,spruce,33,8.984935071732751,18.295773734838686,2180,-0.0019431428512157172,-0.0019431428512157172,0,0,0,0,0,none
C19941,97414835,30,-81.941,46,5,40.0,1,11,0,spruce,34,8.984935071732751,18.295773734838686,2185,0.0,0.0,0.0,0.0,0.0,0.0,0.0,none
C19941,04775943,30,50.06,41.83387652328558,5,40.0,1,11,333.33333333333337,spruce,19,16.60799140074679,12.983083942249557,2110,1.860319159385759,1.860319159385759,0,0,0,0,0,none
C19941,04775943,30,46.06,43,5,40.0,1,11,285.0028185390659,spruce,20,16.60799140074679,12.983083942249557,2115,1.4070152535061158,1.4070152535061158,0,0,0,0,0,none
C19941,04775943,30,41.06,44,5,40.0,1,11,240.06733334722335,spruce,21,16.60799140074679,12.983083942249557,2120,0.9805338302851304,0.9805338302851304,0,0,0,0,0,none
C19941,04775943,30,35.06,44,5,40.0,1,11,198.2252202153816,spruce,22,16.60799140074679,12.983083942249557,2125,0.6007061577252418,0.6007061577252418,0,0,0,0,0,none
C19941,04775943,30,28.060000000000002,44,5,40.0,1,11,159.5689743348235,spruce,23,16.60799140074679,12.983083942249557,2130,0.3026998586038463,0.3026998586038463,0,0,0,0,0,none
C19941,04775943,30,20.060000000000002,44,5,40.0,1,11,124.47375200005663,spruce,24,16.60799140074679,12.983083942249557,2135,0.09067976005525269,0.09067976005525269,0,0,0,0,0,none
C19941,04775943,30,12.060000000000002,44,5,40.0,1,11,93.3268714335788,spruce,25,16.60799140074679,12.983083942249557,2140,-0.028430847255374727,-0.028430847255374727,0,0,0,0,0,none
C19941,04775943,30,3.0600000000000023,44,5,40.0,1,11,66.90827115126477,spruce,26,16.60799140074679,12.983083942249557,2145,-0.0873254998827137,-0.0873254998827137,0,0,0,0,0,none
C19941,04775943,30,-5.939999999999998,44,5,40.0,1,11,45.30655843140783,spruce,27,16.60799140074679,12.983083942249557,2150,-0.09670149932057613,-0.09670149932057613,0,0,0,0,0,none
C19941,04775943,30,-15.939999999999998,44,5,40.0,1,11,28.74940551318668,spruce,28,16.60799140074679,12.983083942249557,2155,-0.08207544465847584,-0.08207544465847584,0,0,0,0,0,none
C19941,04775943,30,-25.939999999999998,44,5,40.0,1,11,16.78600521391443,spruce,29,16.60799140074679,12.983083942249557,2160,-0.056465910675810346,-0.056465910675810346,0,0,0,0,0,none
C19941,04775943,30,-36.94,44,5,40.0,1,11,8.906700410521928,spruce,30,16.60799140074679,12.983083942249557,2165,-0.032772557521812365,-0.032772557521812365,0,0,0,0,0,none
C19941,04775943,30,-47.94,44,5,40.0,1,11,4.186943908749963,spruce,31,16.60799140074679,12.983083942249557,2170,-0.015656405228159604,-0.015656405228159604,0,0,0,0,0,none
C19941,04775943,30,-58.94,44,5,40.0,1,11,1.7091404873372742,spruce,32,16.60799140074679,12.983083942249557,2175,-0.006055942998730842,-0.006055942998730842,0,0,0,0,0,none
C19941,04775943,30,-69.94,45,5,40.0,1,11,0.5966208765786152,spruce,33,16.60799140074679,12.983083942249557,2180,-0.0019502756386326487,-0.0019502756386326487,0,0,0,0,0,none
C19941,04775943,30,-81.94,46,5,40.0,1,11,0,spruce,34,16.60799140074679,12.983083942249557,2185,0.0,0.0,0.0,0.0,0.0,0.0,0.0,none
C19941,57776058,30,50.061,41.81474083145219,5,40.0,1,11,333.33333333333337,spruce,20,4.2738647525916225,15.34569016843533,2115,1.859708334770192,1.859708334770192,0,0,0,0,0,none
C19941,57776058,30,46.061,43,5,40.0,1,11,283.9102606975075,spruce,21,4.2738647525916225,15.34569016843533,2120,1.4016747178762377,1.4016747178762377,0,0,0,0,0,none
C19941,57776058,30,41.061,44,5,40.0,1,11,237.99587501943873,spruce,22,4.2738647525916225,15.34569016843533,2125,0.9721164592052944,0.9721164592052944,0,0,0,0,0,none
C19941,57776058,30,35.061,44,5,40.0,1,11,195.49552516554203,spruce,23,4.2738647525916225,15.34569016843533,2130,0.5924671302577947,0.5924671302577947,0,0,0,0,0,none
C19941,57776058,30,28.061,44,5,40.0,1,11,156.62867948940618,spruce,24,4.2738647525916225,15.34569016843533,2135,0.2971463672758028,0.2971463672758028,0,0,0,0,0,none
C19941,57776058,30,20.061,44,5,40.0,1,11,121.63824656117572,spruce,25,4.2738647525916225,15.34569016843533,2140,0.08863081766897758,0.08863081766897758,0,0,0,0,0,none
C19941,57776058,30,12.061,44,5,40.0,1,11,90.83359425296742,spruce,26,4.2738647525916225,15.34569016843533,2145,-0.02766033971769894,-0.02766033971769894,0,0,0,0,0,none
C19941,57776058,30,3.061,44,5,40.0,1,11,64.8816877744428,spruce,27,4.2738647525916225,15.34569016843533,2150,-0.08467390399273347,-0.08467390399273347,0,0,0,0,0,none
C19941,57776058,30,-5.939,44,5,40.0,1,11,43.81822757840018,spruce,28,4.2738647525916225,15.34569016843533,2155,-0.09352121251233292,-0.09352121251233292,0,0,0,0,0,none
C19941,57776058,30,-15.939,44,5,40.0,1,11,27.742133119974284,spruce,29,4.2738647525916225,15.34569016843533,2160,-0.07919812044972192,-0.07919812044972192,0,0,0,0,0,none
C19941,57776058,30,-25.939,44,5,40.0,1,11,16.179497476424523,spruce,30,4.2738647525916225,15.34569016843533,2165,-0.05442504602671061,-0.05442504602671061,0,0,0,0,0,none
C19941,57776058,30,-36.939,44,5,40.0,1,11,8.584347200463064,spruce,31,4.2738647525916225,15.34569016843533,2170,-0.03158629957938678,-0.03158629957938678,0,0,0,0,0,none
C19941,57776058,30,-47.939,44,5,40.0,1,11,4.031974046486125,spruce,32,4.2738647525916225,15.34569016843533,2175,-0.015076945253338655,-0.015076945253338655,0,0,0,0,0,none
C19941,57776058,30,-58.939,44,5,40.0,1,11,1.6517269580389091,spruce,33,4.2738647525916225,15.34569016843533,2180,-0.0058525601210044995,-0.0058525601210044995,0,0,0,0,0,none
C19941,57776058,30,-69.939,45,5,40.0,1,11,0.5797633766412701,spruce,34,4.2738647525916225,15.34569016843533,2185,-0.0018952015506640129,-0.0018952015506640129,0,0,0,0,0,none
C19941,57776058,30,-81.939,46,5,40.0,1,11,0,spruce,35,4.2738647525916225,15.34569016843533,2190,0.0,0.0,0.0,0.0,0.0,0.0,0.0,none
C19941,13807779,30,50.062,41.85650031066122,5,40.0,1,11,333.33333333333337,spruce,20,14.889463061554641,4.427934018164022,2115,1.861242602821003,1.861242602821003,0,0,0,0,0,none
C19941,13807779,30,46.062,43,5,40.0,1,11,284.1477768043972,spruce,21,14.889463061554641,4.427934018164022,2120,1.40290064325867,1.40290064325867,0,0,0,0,0,none
C19941,13807779,30,41.062,44,5,40.0,1,11,238.38270602138422,spruce,22,14.889463061554641,4.427934018164022,2125,0.9737398951969779,0.9737398951969779,0,0,0,0,0,none
C19941,13807779,30,35.062,44,5,40.0,1,11,195.94985219332708,spruce,23,14.889463061554641,4.427934018164022,2130,0.5938771890488446,0.5938771890488446,0,0,0,0,0,none
C19941,13807779,30,28.061999999999998,44,5,40.0,1,11,157.08148568674332,spruce,24,14.889463061554641,4.427934018164022,2135,0.29802967603630853,0.29802967603630853,0,0,0,0,0,none
C19941,13807779,30,20.061999999999998,44,5,40.0,1,11,122.03940237837134,spruce,25,14.889463061554641,4.427934018164022,2140,0.0889399100923905,0.0889399100923905,0,0,0,0,0,none
C19941,13807779,30,12.061999999999998,44,5,40.0,1,11,91.15353862723926,spruce,26,14.889463061554641,4.427934018164022,2145,-0.02774676701477853,-0.02774676701477853,0,0,0,0,0,none
C19941,13807779,30,3.0619999999999976,44,5,40.0,1,11,65.11625112085791,spruce,27,14.889463061554641,4.427934018164022,2150,-0.0849734016604962,-0.0849734016604962,0,0,0,0,0,none
C19941,13807779,30,-5.938000000000002,44,5,40.0,1,11,43.97660022964855,spruce,28,14.889463061554641,4.427934018164022,2155,-0.09385559363346885,-0.09385559363346885,0,0,0,0,0,none
C19941,13807779,30,-15.938000000000002,44,5,40.0,1,11,27.841250304947906,spruce,29,14.889463061554641,4.427934018164022,2160,-0.07947936814623086,-0.07947936814623086,0,0,0,0,0,none
C19941,13807779,30,-25.938000000000002,44,5,40.0,1,11,16.23681755283019,spruce,30,14.889463061554641,4.427934018164022,2165,-0.0546172060539677,-0.0546172060539677,0,0,0,0,0,none
C19941,13807779,30,-36.938,44,5,40.0,1,11,8.614766156975781,spruce,31,14.889463061554641,4.427934018164022,2170,-0.031698079763025355,-0.031698079763025355,0,0,0,0,0,none
C19941,13807779,30,-47.938,44,5,40.0,1,11,4.046436512194411,spruce,32,14.889463061554641,4.427934018164022,2175,-0.015131050465321467,-0.015131050465321467,0,0,0,0,0,none
C19941,13807779,30,-58.938,44,5,40.0,1,11,1.6577577078145362,spruce,33,14.889463061554641,4.427934018164022,2180,-0.005873977686374535,-0.005873977686374535,0,0,0,0,0,none
C19941,13807779,30,-69.938,45,5,40.0,1,11,0.5819156830675383,spruce,34,14.889463061554641,4.427934018164022,2185,-0.0019022682621897718,-0.0019022682621897718,0,0,0,0,0,none
C19941,13807779,30,-81.938,46,5,40.0,1,11,0,spruce,35,14.889463061554641,4.427934018164022,2190,0.0,0.0,0.0,0.0,0.0,0.0,0.0,none
C19941,91076501,30,50.063,41.858307756731264,5,40.0,1,11,333.33333333333337,spruce,20,2.850366755316893,7.541651984146682,2115,1.8613695787993136,1.8613695787993136,0,0,0,0,0,none
C19941,91076501,30,46.063,43,5,40.0,1,11,284.38384646390455,spruce,21,2.850366755316893,7.541651984146682,2120,1.404119516631839,1.404119516631839,0,0,0,0,0,none
C19941,91076501,30,41.063,44,5,40.0,1,11,238.76788448746342,spruce,22,2.850366755316893,7.541651984146682,2125,0.9753567219701124,0.9753567219701124,0,0,0,0,0,none
C19941,91076501,30,35.063,44,5,40.0,1,11,196.40300297556442,spruce,23,2.850366755316893,7.541651984146682,2130,0.5952838369938603,0.5952838369938603,0,0,0,0,0,none
C19941,91076501,30,28.063000000000002,44,5,40.0,1,11,157.53376345809698,spruce,24,2.850366755316893,7.541651984146682,2135,0.29891212240584564,0.29891212240584564,0,0,0,0,0,none
C19941,91076501,30,20.063000000000002,44,5,40.0,1,11,122.44051426230149,spruce,25,2.850366755316893,7.541651984146682,2140,0.08924908115269387,0.08924908115269387,0,0,0,0,0,none
C19941,91076501,30,12.063000000000002,44,5,40.0,1,11,91.47364105966926,spruce,26,2.850366755316893,7.541651984146682,2145,-0.027833164985094125,-0.027833164985094125,0,0,0,0,0,none
C19941,91076501,30,3.0630000000000024,44,5,40.0,1,11,65.35098970571171,spruce,27,2.850366755316893,7.541651984146682,2150,-0.08527308016013736,-0.08527308016013736,0,0,0,0,0,none
C19941,91076501,30,-5.936999999999998,44,5,40.0,1,11,44.135090076916015,spruce,28,2.850366755316893,7.541651984146682,2155,-0.09419019860256109,-0.09419019860256109,0,0,0,0,0,none
C19941,91076501,30,-15.936999999999998,44,5,40.0,1,11,27.940428584737116,spruce,29,2.850366755316893,7.541651984146682,2160,-0.07976077800240503,-0.07976077800240503,0,0,0,0,0,none
C19941,91076501,30,-25.936999999999998,44,5,40.0,1,11,16.294167584287184,spruce,30,2.850366755316893,7.541651984146682,2165,-0.054809462184429135,-0.054809462184429135,0,0,0,0,0,none
C19941,91076501,30,-36.937,44,5,40.0,1,11,8.645200744818236,spruce,31,2.850366755316893,7.541651984146682,2170,-0.03180991640517369,-0.03180991640517369,0,0,0,0,0,none
C19941,91076501,30,-47.937,44,5,40.0,1,11,4.0609079749128005,spruce,32,2.850366755316893,7.541651984146682,2175,-0.0151851894908343,-0.0151851894908343,0,0,0,0,0,none
C19941,91076501,30,-58.937,44,5,40.0,1,11,1.663793191527144,spruce,33,2.850366755316893,7.541651984146682,2180,-0.0058954123774881545,-0.0058954123774881545,0,0,0,0,0,none
C19941,91076501,30,-69.937,45,5,40.0,1,11,0.5840700050080131,spruce,34,2.850366755316893,7.541651984146682,2185,-0.0019093417904592269,-0.0019093417904592269,0,0,0,0,0,none
C19941,91076501,30,-81.937,46,5,40.0,1,11,0,spruce,35,2.850366755316893,7.541651984146682,2190,0.0,0.0,0.0,0.0,0.0,0.0,0.0,none
C19941,63282429,30,50.064,41.85546889362808,5,40.0,1,11,333.33333333333337,spruce,21,8.62363510320742,8.084038115502945,2120,1.8613328982612791,1.8613328982612791,0,0,0,0,0,none
C19941,63282429,30,45.064,43,5,40.0,1,11,283.04378429957023,spruce,22,8.62363510320742,8.084038115502945,2125,1.3447540682151637,1.3447540682151637,0,0,0,0,0,none
C19941,63282429,30,39.064,44,5,40.0,1,11,235.76366565138318,spruce,23,8.62363510320742,8.084038115502945,2130,0.878298526867452,0.878298526867452,0,0,0,0,0,none
C19941,63282429,30,32.064,44,5,40.0,1,11,191.78984988816984,spruce,24,8.62363510320742,8.084038115502945,2135,0.48573222522901616,0.48573222522901616,0,0,0,0,0,none
C19941,63282429,30,25.064,44,5,40.0,1,11,151.4764816228095,spruce,25,8.62363510320742,8.084038115502945,2140,0.21866199405751288,0.21866199405751288,0,0,0,0,0,none
C19941,63282429,30,17.064,44,5,40.0,1,11,115.78440854944465,spruce,26,8.62363510320742,8.084038115502945,2145,0.0377158363137682,0.0377158363137682,0,0,0,0,0,none
C19941,63282429,30,8.064,44,5,40.0,1,11,84.93199032726795,spruce,27,8.62363510320742,8.084038115502945,2150,-0.06539833120401639,-0.06539833120401639,0,0,0,0,0,none
C19941,63282429,30,-0.9359999999999999,44,5,40.0,1,11,59.15575275768691,spruce,28,8.62363510320742,8.084038115502945,2155,-0.10023779855150015,-0.10023779855150015,0,0,0,0,0,none
C19941,63282429,30,-10.936,44,5,40.0,1,11,38.81764970084139,spruce,29,8.62363510320742,8.084038115502945,2160,-0.09785014589631488,-0.09785014589631488,0,0,0,0,0,none
C19941,63282429,30,-20.936,44,5,40.0,1,11,23.611640007973925,spruce,30,8.62363510320742,8.084038115502945,2165,-0.07403647135422105,-0.07403647135422105,0,0,0,0,0,none
C19941,63282429,30,-31.936,44,5,40.0,1,11,13.157155754071374,spruce,31,8.62363510320742,8.084038115502945,2170,-0.04694028072285391,-0.04694028072285391,0,0,0,0,0,none
C19941,63282429,30,-42.936,44,5,40.0,1,11,6.54526494250186,spruce,32,8.62363510320742,8.084038115502945,2175,-0.02450455489405243,-0.02450455489405243,0,0,0,0,0,none
C19941,63282429,30,-53.936,44,5,40.0,1,11,2.8648375038930203,spruce,33,8.62363510320742,8.084038115502945,2180,-0.010497299300480462,-0.010497299300480462,0,0,0,0,0,none
C19941,63282429,30,-64.936,45,5,40.0,1,11,1.0840948205632226,spruce,34,8.62363510320742,8.084038115502945,2185,-0.003803313808730909,-0.003803313808730909,0,0,0,0,0,none
C19941,63282429,30,-75.936,46,5,40.0,1,11,0,spruce,35,8.62363510320742,8.084038115502945,2190,0.0,0.0,0.0,0.0,0.0,0.0,0.0,none
C19941,20395708,30,50.065,41.85740411560051,5,40.0,1,11,333.33333333333337,spruce,21,3.774901337543719,12.877912886233256,2120,1.861464381509983,1.861464381509983,0,0,0,0,0,none
C19941,20395708,30,45.065,43,5,40.0,1,11,283.3131766473047,spruce,22,3.774901337543719,12.877912886233256,2125,1.3460865235893662,1.3460865235893662,0,0,0,0,0,none
C19941,20395708,30,39.065,44,5,40.0,1,11,236.1934143787969,spruce,23,3.774901337543719,12.877912886233256,2130,0.8799414772441425,0.8799414772441425,0,0,0,0,0,none
C19941,20395708,30,32.065,44,5,40.0,1,11,192.28085080689965,spruce,24,3.774901337543719,12.877912886233256,2135,0.48700708679322563,0.48700708679322563,0,0,0,0,0,none
C19941,20395708,30,25.064999999999998,44,5,40.0,1,11,151.9435708928645,spruce,25,3.774901337543719,12.877912886233256,2140,0.2193587705905231,0.2193587705905231,0,0,0,0,0,none
C19941,20395708,30,17.064999999999998,44,5,40.0,1,11,116.1826012436769,spruce,26,3.774901337543719,12.877912886233256,2145,0.03786079530536008,0.03786079530536008,0,0,0,0,0,none
C19941,20395708,30,8.064999999999998,44,5,40.0,1,11,85.23999219271217,spruce,27,3.774901337543719,12.877912886233256,2150,-0.06562592824695294,-0.06562592824695294,0,0,0,0,0,none
C19941,20395708,30,-0.9350000000000023,44,5,40.0,1,11,59.373014008911156,spruce,28,3.774901337543719,12.877912886233256,2155,-0.10060040800660477,-0.10060040800660477,0,0,0,0,0,none
C19941,20395708,30,-10.935000000000002,44,5,40.0,1,11,38.95899644612139,spruce,29,3.774901337543719,12.877912886233256,2160,-0.0982036404571626,-0.0982036404571626,0,0,0,0,0,none
C19941,20395708,30,-20.935000000000002,44,5,40.0,1,11,23.69652769633178,spruce,30,3.774901337543719,12.877912886233256,2165,-0.07430143811208831,-0.07430143811208831,0,0,0,0,0,none
C19941,20395708,30,-31.935000000000002,44,5,40.0,1,11,13.20414848542557,spruce,31,3.774901337543719,12.877912886233256,2170,-0.04710756980154381,-0.04710756980154381,0,0,0,0,0,none
C19941,20395708,30,-42.935,44,5,40.0,1,11,6.568823121642926,spruce,32,3.774901337543719,12.877912886233256,2175,-0.0245927245884063,-0.0245927245884063,0,0,0,0,0,none
C19941,20395708,30,-53.935,44,5,40.0,1,11,2.8753315648934668,spruce,33,3.774901337543719,12.877912886233256,2180,-0.010535805763225697,-0.010535805763225697,0,0,0,0,0,none
C19941,20395708,30,-64.935,45,5,40.0,1,11,1.088143344295562,spruce,34,3.774901337543719,12.877912886233256,2185,-0.003817563357522691,-0.003817563357522691,0,0,0,0,0,none
C19941,20395708,30,-75.935,46,5,40.0,1,11,0,spruce,35,3.774901337543719,12.877912886233256,2190,0.0,0.0,0.0,0.0,0.0,0.0,0.0,none
C19941,41537325,30,50.066,41.83116690631859,5,40.0,1,11,333.33333333333337,spruce,21,12.0190849621528,14.978567504916729,2120,1.8606033364814527,1.8606033364814527,0,0,0,0,0,none
C19941,41537325,30,46.066,43,5,40.0,1,11,283.58082745202483,spruce,22,12.0190849621528,14.978567504916729,2125,1.4003142697231168,1.4003142697231168,0,0,0,0,0,none
C19941,41537325,30,41.066,44,5,40.0,1,11,237.2868692863392,spruce,23,12.0190849621528,14.978567504916729,2130,0.9694364091032043,0.9694364091032043,0,0,0,0,0,none
C19941,41537325,30,35.066,44,5,40.0,1,11,194.54843984024637,spruce,24,12.0190849621528,14.978567504916729,2135,0.5897616141034091,0.5897616141034091,0,0,0,0,0,none
C19941,41537325,30,28.066000000000003,44,5,40.0,1,11,155.51362851162762,spruce,25,12.0190849621528,14.978567504916729,2140,0.29515111504487807,0.29515111504487807,0,0,0,0,0,none
C19941,41537325,30,20.066000000000003,44,5,40.0,1,11,120.4674900543587,spruce,26,12.0190849621528,14.978567504916729,2145,0.08786064142248724,0.08786064142248724,0,0,0,0,0,none
C19941,41537325,30,11.066000000000003,44,5,40.0,1,11,89.7106050426017,spruce,27,12.0190849621528,14.978567504916729,2150,-0.037997175694249714,-0.037997175694249714,0,0,0,0,0,none
C19941,41537325,30,2.0660000000000025,44,5,40.0,1,11,63.579936788140785,spruce,28,12.0190849621528,14.978567504916729,2155,-0.0893393755778892,-0.0893393755778892,0,0,0,0,0,none
C19941,41537325,30,-7.9339999999999975,44,5,40.0,1,11,42.56906591457729,spruce,29,12.0190849621528,14.978567504916729,2160,-0.09769275797131499,-0.09769275797131499,0,0,0,0,0,none
C19941,41537325,30,-17.933999999999997,44,5,40.0,1,11,26.51376760886975,spruce,30,12.0190849621528,14.978567504916729,2165,-0.07883160763589661,-0.07883160763589661,0,0,0,0,0,none
C19941,41537325,30,-28.933999999999997,44,5,40.0,1,11,15.18887460576167,spruce,31,12.0190849621528,14.978567504916729,2170,-0.052783347594763316,-0.052783347594763316,0,0,0,0,0,none
C19941,41537325,30,-39.934,44,5,40.0,1,11,7.80636269758995,spruce,32,12.0190849621528,14.978567504916729,2175,-0.02904872502976709,-0.02904872502976709,0,0,0,0,0,none
C19941,41537325,30,-50.934,44,5,40.0,1,11,3.54831954949926,spruce,33,12.0190849621528,14.978567504916729,2180,-0.01316893668437017,-0.01316893668437017,0,0,0,0,0,none
C19941,41537325,30,-61.934,44,5,40.0,1,11,1.4018865372623486,spruce,34,12.0190849621528,14.978567504916729,2185,-0.004830342201853742,-0.004830342201853742,0,0,0,0,0,none
C19941,41537325,30,-72.934,45,5,40.0,1,11,0,spruce,35,12.0190849621528,14.978567504916729,2190,0.0,0.0,0.0,0.0,0.0,0.0,0.0,none
C19941,89702424,30,50.067,41.85042231581118,5,40.0,1,11,333.33333333333337,spruce,22,4.1290811777886605,1.5237761806464234,2125,1.86134504440282,1.86134504440282,0,0,0,0,0,none
C19941,89702424,30,45.067,43,5,40.0,1,11,282.14231033522435,spruce,23,4.1290811777886605,1.5237761806464234,2130,1.3406281536780233,1.3406281536780233,0,0,0,0,0,none
C19941,89702424,30,39.067,44,5,40.0,1,11,234.2911080454454,spruce,24,4.1290811777886605,1.5237761806464234,2135,0.8729377218121346,0.8729377218121346,0,0,0,0,0,none
C19941,89702424,30,32.067,44,5,40.0,1,11,189.9781418337954,spruce,25,4.1290811777886605,1.5237761806464234,2140,0.48123673665747224,0.48123673665747224,0,0,0,0,0,none
C19941,89702424,30,24.067,44,5,40.0,1,11,149.57293393790837,spruce,26,4.1290811777886605,1.5237761806464234,2145,0.19397367433309626,0.19397367433309626,0,0,0,0,0,none
C19941,89702424,30,16.067,44,5,40.0,1,11,113.4861006565408,spruce,27,4.1290811777886605,1.5237761806464234,2150,0.02223428909909597,0.02223428909909597,0,0,0,0,0,none
C19941,89702424,30,7.067,44,5,40.0,1,11,82.63195483048774,spruce,28,4.1290811777886605,1.5237761806464234,2155,-0.07278674371438798,-0.07278674371438798,0,0,0,0,0,none
C19941,89702424,30,-1.9329999999999998,44,5,40.0,1,11,57.09496663040866,spruce,29,4.1290811777886605,1.5237761806464234,2160,-0.10199126950585422,-0.10199126950585422,0,0,0,0,0,none
C19941,89702424,30,-11.933,44,5,40.0,1,11,37.168315030150126,spruce,30,4.1290811777886605,1.5237761806464234,2165,-0.0963236632160454,-0.0963236632160454,0,0,0,0,0,none
C19941,89702424,30,-21.933,44,5,40.0,1,11,22.42346522284785,spruce,31,4.1290811777886605,1.5237761806464234,2170,-0.07142541759299806,-0.07142541759299806,0,0,0,0,0,none
C19941,89702424,30,-32.933,44,5,40.0,1,11,12.369393592413587,spruce,32,4.1290811777886605,1.5237761806464234,2175,-0.04445778142102794,-0.04445778142102794,0,0,0,0,0,none
C19941,89702424,30,-43.933,44,5,40.0,1,11,6.104570587411723,spruce,33,4.1290811777886605,1.5237761806464234,2180,-0.022874944591633653,-0.022874944591633653,0,0,0,0,0,none
C19941,89702424,30,-54.933,44,5,40.0,1,11,2.650773567051565,spruce,34,4.1290811777886605,1.5237761806464234,2185,-0.009660263758150444,-0.009660263758150444,0,0,0,0,0,none
C19941,89702424,30,-65.93299999999999,45,5,40.0,1,11,0.9968045265849326,spruce,35,4.1290811777886605,1.5237761806464234,2190,-0.003453831779531225,-0.003453831779531225,0,0,0,0,0,clear cut
C19941,89702424,30,-59.93299999999999,48,5,40.0,1,11,0.6625431719338997,spruce,36,4.1290811777886605,1.5237761806464234,2195,-0.0028216612307184414,-0.0028216612307184414,0,0,0,0,0,none
C19941,89702424,30,-54.93299999999999,50,5,40.0,1,11,0,spruce,37,4.1290811777886605,1.5237761806464234,2200,0.0,0.0,0.0,0.0,0.0,0.0,0.0,none
C19941,00973490,30,50.068,41.85248674074414,5,40.0,1,11,333.33333333333337,spruce,22,7.141232177655839,2.161306573944737,2125,1.8614810854774944,1.8614810854774944,0,0,0,0,0,none
C19941,00973490,30,45.068,43,5,40.0,1,11,282.4175982852249,spruce,23,7.141232177655839,2.161306573944737,2130,1.3419886081496661,1.3419886081496661,0,0,0,0,0,none
C19941,00973490,30,39.068,44,5,40.0,1,11,234.7273331483647,spruce,24,7.141232177655839,2.161306573944737,2135,0.8746047723610002,0.8746047723610002,0,0,0,0,0,none
C19941,00973490,30,32.068,44,5,40.0,1,11,190.47358897877027,spruce,25,7.141232177655839,2.161306573944737,2140,0.4825228077617953,0.4825228077617953,0,0,0,0,0,none
C19941,00973490,30,24.067999999999998,44,5,40.0,1,11,150.04739567171313,spruce,26,7.141232177655839,2.161306573944737,2145,0.19461089837011175,0.19461089837011175,0,0,0,0,0,none
C19941,00973490,30,16.067999999999998,44,5,40.0,1,11,113.88468250248013,spruce,27,7.141232177655839,2.161306573944737,2150,0.022327088771160856,0.022327088771160856,0,0,0,0,0,none
C19941,00973490,30,7.067999999999998,44,5,40.0,1,11,82.9363238816962,spruce,28,7.141232177655839,2.161306573944737,2155,-0.07304571509596411,-0.07304571509596411,0,0,0,0,0,none
C19941,00973490,30,-1.9320000000000022,44,5,40.0,1,11,57.3072946838278,spruce,29,7.141232177655839,2.161306573944737,2160,-0.1023653401027408,-0.1023653401027408,0,0,0,0,0,none
C19941,00973490,30,-11.932000000000002,44,5,40.0,1,11,37.30520089696363,spruce,30,7.141232177655839,2.161306573944737,2165,-0.09667580076113909,-0.09667580076113909,0,0,0,0,0,none
C19941,00973490,30,-21.932000000000002,44,5,40.0,1,11,22.505046532742544,spruce,31,7.141232177655839,2.161306573944737,2170,-0.07168418007249605,-0.07168418007249605,0,0,0,0,0,none
C19941,00973490,30,-32.932,44,5,40.0,1,11,12.41416125096736,spruce,32,7.141232177655839,2.161306573944737,2175,-0.04461836720506931,-0.04461836720506931,0,0,0,0,0,none
C19941,00973490,30,-43.932,44,5,40.0,1,11,6.126855610754502,spruce,33,7.141232177655839,2.161306573944737,2180,-0.022958436686790647,-0.022958436686790647,0,0,0,0,0,none
C19941,00973490,30,-54.932,44,5,40.0,1,11,2.6606224383979136,spruce,34,7.141232177655839,2.161306573944737,2185,-0.009696212006401514,-0.009696212006401514,0,0,0,0,0,none
C19941,00973490,30,-65.932,45,5,40.0,1,11,1.0005781642369036,spruce,35,7.141232177655839,2.161306573944737,2190,-0.0034669516856715736,-0.0034669516856715736,0,0,0,0,0,clear cut
C19941,00973490,30,-59.932,48,5,40.0,1,11,0.6650673241752204,spruce,36,7.141232177655839,2.161306573944737,2195,-0.0028324322006586544,-0.0028324322006586544,0,0,0,0,0,none
C19941,00973490,30,-54.932,50,5,40.0,1,11,0,spruce,37,7.141232177655839,2.161306573944737,2200,0.0,0.0,0.0,0.0,0.0,0.0,0.0,none
C19941,29156940,30,50.069,41.84318497602896,5,40.0,1,11,333.33333333333337,spruce,22,19.714176474263756,3.543223288768347,2125,1.861216645853564,1.861216645853564,0,0,0,0,0,none
C19941,29156940,30,45.069,43,5,40.0,1,11,282.6910988920386,spruce,23,19.714176474263756,3.543223288768347,2130,1.3433406719432432,1.3433406719432432,0,0,0,0,0,none
C19941,29156940,30,39.069,44,5,40.0,1,11,235.16166249150757,spruce,24,19.714176474263756,3.543223288768347,2135,0.8762649145001261,0.8762649145001261,0,0,0,0,0,none
C19941,29156940,30,32.069,44,5,40.0,1,11,190.96781620372866,spruce,25,19.714176474263756,3.543223288768347,2140,0.48380595018166644,0.48380595018166644,0,0,0,0,0,none
C19941,29156940,30,24.069000000000003,44,5,40.0,1,11,150.52139084206883,spruce,26,19.714176474263756,3.543223288768347,2145,0.19524765614099723,0.19524765614099723,0,0,0,0,0,none
C19941,29156940,30,16.069000000000003,44,5,40.0,1,11,114.28324279198178,spruce,27,19.714176474263756,3.543223288768347,2150,0.022419987416563324,0.022419987416563324,0,0,0,0,0,none
C19941,29156940,30,7.069000000000003,44,5,40.0,1,11,83.24082154549944,spruce,28,19.714176474263756,3.543223288768347,2155,-0.07330473252375475,-0.07330473252375475,0,0,0,0,0,none
C19941,29156940,30,-1.9309999999999974,44,5,40.0,1,11,57.51973315943773,spruce,29,19.714176474263756,3.543223288768347,2160,-0.10273956912582288,-0.10273956912582288,0,0,0,0,0,none
C19941,29156940,30,-11.930999999999997,44,5,40.0,1,11,37.442142986446186,spruce,30,19.714176474263756,3.543223288768347,2165,-0.09702806477323739,-0.09702806477323739,0,0,0,0,0,none
C19941,29156940,30,-21.930999999999997,44,5,40.0,1,11,22.58665012550785,spruce,31,19.714176474263756,3.543223288768347,2170,-0.07194300551692101,-0.07194300551692101,0,0,0,0,0,none
C19941,29156940,30,-32.931,44,5,40.0,1,11,12.458938216193115,spruce,32,19.714176474263756,3.543223288768347,2175,-0.044778984125260816,-0.044778984125260816,0,0,0,0,0,none
C19941,29156940,30,-43.931,44,5,40.0,1,11,6.149147002745139,spruce,33,19.714176474263756,3.543223288768347,2180,-0.023041952531774663,-0.023041952531774663,0,0,0,0,0,none
C19941,29156940,30,-54.931,44,5,40.0,1,11,2.6704758067458054,spruce,34,19.714176474263756,3.543223288768347,2185,-0.009732177050975179,-0.009732177050975179,0,0,0,0,0,none
C19941,29156940,30,-65.931,45,5,40.0,1,11,1.0043542130501653,spruce,35,19.714176474263756,3.543223288768347,2190,-0.003480080280821931,-0.003480080280821931,0,0,0,0,0,clear cut
C19941,29156940,30,-59.931,48,5,40.0,1,11,0.6675932384030782,spruce,36,19.714176474263756,3.543223288768347,2195,-0.0028432108327728764,-0.0028432108327728764,0,0,0,0,0,none
C19941,29156940,30,-54.931,50,5,40.0,1,11,0,spruce,37,19.714176474263756,3.543223288768347,2200,0.0,0.0,0.0,0.0,0.0,0.0,0.0,none
C19941,13770685,30,50.07,41.81986419556182,5,40.0,1,11,333.33333333333337,spruce,23,8.064409442116984,15.174938620446731,2130,1.8604580949253,1.8604580949253,0,0,0,0,0,none
C19941,13770685,30,45.07,43,5,40.0,1,11,281.3609488293493,spruce,24,8.064409442116984,15.174938620446731,2135,1.3370720344486338,1.3370720344486338,0,0,0,0,0,none
C19941,13770685,30,39.07,44,5,40.0,1,11,232.95867006627094,spruce,25,8.064409442116984,15.174938620446731,2140,0.8680974923016329,0.8680974923016329,0,0,0,0,0,none
C19941,13770685,30,32.07,44,5,40.0,1,11,188.36721210604625,spruce,26,8.064409442116984,15.174938620446731,2145,0.4772481729786627,0.4772481729786627,0,0,0,0,0,none
C19941,13770685,30,24.07,44,5,40.0,1,11,147.8861905785244,spruce,27,8.064409442116984,15.174938620446731,2150,0.19185102974812218,0.19185102974812218,0,0,0,0,0,none
C19941,13770685,30,16.07,44,5,40.0,1,11,111.9617524220758,spruce,28,8.064409442116984,15.174938620446731,2155,0.02197902075319557,0.02197902075319557,0,0,0,0,0,none
C19941,13770685,30,7.07,44,5,40.0,1,11,81.36980678616789,spruce,29,8.064409442116984,15.174938620446731,2160,-0.07164809117955491,-0.07164809117955491,0,0,0,0,0,none
C19941,13770685,30,-1.9299999999999997,44,5,40.0,1,11,56.171081882773144,spruce,30,8.064409442116984,15.174938620446731,2165,-0.10032554213816465,-0.10032554213816465,0,0,0,0,0,none
C19941,13770685,30,-11.93,44,5,40.0,1,11,36.565762769797914,spruce,31,8.064409442116984,15.174938620446731,2170,-0.09475444359985094,-0.09475444359985094,0,0,0,0,0,none
C19941,13770685,30,-21.93,44,5,40.0,1,11,22.048931865487326,spruce,32,8.064409442116984,15.174938620446731,2175,-0.07022918900298639,-0.07022918900298639,0,0,0,0,0,none
C19941,13770685,30,-32.93,44,5,40.0,1,11,12.197331997156413,spruce,33,8.064409442116984,15.174938620446731,2180,-0.04383842702700421,-0.04383842702700421,0,0,0,0,0,none
C19941,13770685,30,-43.93,44,5,40.0,1,11,6.046145479319537,spruce,34,8.064409442116984,15.174938620446731,2185,-0.022655973607129475,-0.022655973607129475,0,0,0,0,0,none
C19941,13770685,30,-54.93,44,5,40.0,1,11,2.6452960922584654,spruce,35,8.064409442116984,15.174938620446731,2190,-0.009640468578530199,-0.009640468578530199,0,0,0,0,0,clear cut
C19941,13770685,30,-48.93,47,5,40.0,1,11,1.9059236259570622,spruce,36,8.064409442116984,15.174938620446731,2195,-0.008153324847719292,-0.008153324847719292,0,0,0,0,0,none
C19941,13770685,30,-44.93,48,5,40.0,1,11,1.3531325860909849,spruce,37,8.064409442116984,15.174938620446731,2200,-0.006053267816014031,-0.006053267816014031,0,0,0,0,0,none
C19941,13770685,30,-43.93,49,5,40.0,1,11,0.9268961048890648,spruce,38,8.064409442116984,15.174938620446731,2205,-0.004318063031804893,-0.004318063031804893,0,0,0,0,0,none
C19941,13770685,30,-46.93,49,5,40.0,1,11,0.5758495055359583,spruce,39,8.064409442116984,15.174938620446731,2210,-0.002687154736266478,-0.002687154736266478,0,0,0,0,0,none
C19941,13770685,30,-51.93,49,5,40.0,1,11,0,spruce,40,8.064409442116984,15.174938620446731,2215,0.0,0.0,0.0,0.0,0.0,0.0,0.0,none
C19941,67879326,30,50.071,41.805306760936986,5,40.0,1,11,333.33333333333337,spruce,23,14.139124904975219,15.610591137534854,2130,1.8600082408027645,1.8600082408027645,0,0,0,0,0,none
C19941,67879326,30,45.071,43,5,40.0,1,11,281.64137092136144,spruce,24,14.139124904975219,15.610591137534854,2135,1.338456898137324,1.338456898137324,0,0,0,0,0,none
C19941,67879326,30,39.071,44,5,40.0,1,11,233.40071362370904,spruce,25,14.139124904975219,15.610591137534854,2140,0.8697862230400586,0.8697862230400586,0,0,0,0,0,none
C19941,67879326,30,32.071,44,5,40.0,1,11,188.8665543625443,spruce,26,14.139124904975219,15.610591137534854,2145,0.47854409428747585,0.47854409428747585,0,0,0,0,0,none
C19941,67879326,30,24.070999999999998,44,5,40.0,1,11,148.36202213320834,spruce,27,14.139124904975219,15.610591137534854,2150,0.19248999351184004,0.19248999351184004,0,0,0,0,0,none
C19941,67879326,30,16.070999999999998,44,5,40.0,1,11,112.35995325928393,spruce,28,14.139124904975219,15.610591137534854,2155,0.0220717038543231,0.0220717038543231,0,0,0,0,0,none
C19941,67879326,30,7.070999999999998,44,5,40.0,1,11,81.67303678900572,spruce,29,14.139124904975219,15.610591137534854,2160,-0.07190609764554798,-0.07190609764554798,0,0,0,0,0,none
C19941,67879326,30,-1.929000000000002,44,5,40.0,1,11,56.382377898107784,spruce,30,14.139124904975219,15.610591137534854,2165,-0.10069779531195552,-0.10069779531195552,0,0,0,0,0,none
C19941,67879326,30,-11.929000000000002,44,5,40.0,1,11,36.70202029190216,spruce,31,14.139124904975219,15.610591137534854,2170,-0.09510496612114347,-0.09510496612114347,0,0,0,0,0,none
C19941,67879326,30,-21.929000000000002,44,5,40.0,1,11,22.130129096730855,spruce,32,14.139124904975219,15.610591137534854,2175,-0.07048673434564424,-0.07048673434564424,0,0,0,0,0,none
C19941,67879326,30,-32.929,44,5,40.0,1,11,12.242019840209258,spruce,33,14.139124904975219,15.610591137534854,2180,-0.043998726834675594,-0.043998726834675594,0,0,0,0,0,none
C19941,67879326,30,-43.929,44,5,40.0,1,11,6.068480007047623,spruce,34,14.139124904975219,15.610591137534854,2185,-0.022739651145975728,-0.022739651145975728,0,0,0,0,0,none
C19941,67879326,30,-54.929,44,5,40.0,1,11,2.6552350921051353,spruce,35,14.139124904975219,15.610591137534854,2190,-0.009676745779408623,-0.009676745779408623,0,0,0,0,0,clear cut
C19941,67879326,30,-48.929,47,5,40.0,1,11,1.9131414216701499,spruce,36,14.139124904975219,15.610591137534854,2195,-0.008184214746038632,-0.008184214746038632,0,0,0,0,0,none
C19941,67879326,30,-44.929,48,5,40.0,1,11,1.358283509502627,spruce,37,14.139124904975219,15.610591137534854,2200,-0.006076306512849419,-0.006076306512849419,0,0,0,0,0,none
C19941,67879326,30,-43.929,49,5,40.0,1,11,0.9304378771216057,spruce,38,14.139124904975219,15.610591137534854,2205,-0.004334557122512222,-0.004334557122512222,0,0,0,0,0,none
C19941,67879326,30,-46.929,49,5,40.0,1,11,0.5780576405311973,spruce,39,14.139124904975219,15.610591137534854,2210,-0.00269745935798992,-0.00269745935798992,0,0,0,0,0,none
C19941,67879326,30,-51.929,49,5,40.0,1,11,0,spruce,40,14.139124904975219,15.610591137534854,2215,0.0,0.0,0.0,0.0,0.0,0.0,0.0,none
C19941,48346969,30,50.072,41.85756369807811,5,40.0,1,11,333.33333333333337,spruce,23,15.012486383503507,12.264224230885194,2130,1.8619132351872505,1.8619132351872505,0,0,0,0,0,none
C19941,48346969,30,45.072,43,5,40.0,1,11,281.91996568163967,spruce,24,15.012486383503507,12.264224230885194,2135,1.3398331820132505,1.3398331820132505,0,0,0,0,0,none
C19941,48346969,30,39.072,44,5,40.0,1,11,233.84084235971895,spruce,25,15.012486383503507,12.264224230885194,2140,0.8714679753911982,0.8714679753911982,0,0,0,0,0,none
C19941,48346969,30,32.072,44,5,40.0,1,11,189.36468391747044,spruce,26,15.012486383503507,12.264224230885194,2145,0.4798371058790385,0.4798371058790385,0,0,0,0,0,none
C19941,48346969,30,24.072000000000003,44,5,40.0,1,11,148.83740459093423,spruce,27,15.012486383503507,12.264224230885194,2150,0.1931285138718076,0.1931285138718076,0,0,0,0,0,none
C19941,48346969,30,16.072000000000003,44,5,40.0,1,11,112.75814669962776,spruce,28,15.012486383503507,12.264224230885194,2155,0.022164488607140882,0.022164488607140882,0,0,0,0,0,none
C19941,48346969,30,7.072000000000003,44,5,40.0,1,11,81.97640434050696,spruce,29,15.012486383503507,12.264224230885194,2160,-0.07216415823142529,-0.07216415823142529,0,0,0,0,0,none
C19941,48346969,30,-1.9279999999999973,44,5,40.0,1,11,56.593790093089865,spruce,30,15.012486383503507,12.264224230885194,2165,-0.10107021735124495,-0.10107021735124495,0,0,0,0,0,none
C19941,48346969,30,-11.927999999999997,44,5,40.0,1,11,36.838338145514015,spruce,31,15.012486383503507,12.264224230885194,2170,-0.09545562583192967,-0.09545562583192967,0,0,0,0,0,none
C19941,48346969,30,-21.927999999999997,44,5,40.0,1,11,22.211351341661135,spruce,32,15.012486383503507,12.264224230885194,2175,-0.07074435138501418,-0.07074435138501418,0,0,0,0,0,none
C19941,48346969,30,-32.928,44,5,40.0,1,11,12.286718559887332,spruce,33,15.012486383503507,12.264224230885194,2180,-0.044159063424146446,-0.044159063424146446,0,0,0,0,0,none
C19941,48346969,30,-43.928,44,5,40.0,1,11,6.090821640419169,spruce,34,15.012486383503507,12.264224230885194,2185,-0.02282335519586866,-0.02282335519586866,0,0,0,0,0,none
C19941,48346969,30,-54.928,44,5,40.0,1,11,2.665178901252342,spruce,35,15.012486383503507,12.264224230885194,2190,-0.00971304091870947,-0.00971304091870947,0,0,0,0,0,clear cut
C19941,48346969,30,-48.928,47,5,40.0,1,11,1.9203632687567884,spruce,36,15.012486383503507,12.264224230885194,2195,-0.008215122069391042,-0.008215122069391042,0,0,0,0,0,none
C19941,48346969,30,-44.928,48,5,40.0,1,11,1.3634375742228126,spruce,37,15.012486383503507,12.264224230885194,2200,-0.006099359228362183,-0.006099359228362183,0,0,0,0,0,none
C19941,48346969,30,-43.928,49,5,40.0,1,11,0.9339819275823888,spruce,38,15.012486383503507,12.264224230885194,2205,-0.004351061780979535,-0.004351061780979535,0,0,0,0,0,none
C19941,48346969,30,-46.928,49,5,40.0,1,11,0.5802672602122337,spruce,39,15.012486383503507,12.264224230885194,2210,-0.0027077709106396986,-0.0027077709106396986,0,0,0,0,0,none
C19941,48346969,30,-51.928,49,5,40.0,1,11,0,spruce,40,15.012486383503507,12.264224230885194,2215,0.0,0.0,0.0,0.0,0.0,0.0,0.0,none
C19941,72113719,30,50.073,41.83328465981086,5,40.0,1,11,320.0,spruce,24,9.14720363381997,8.88234214033229,2135,1.7866760623819267,1.7866760623819267,0,0,0,0,0,none
C19941,72113719,30,44.073,43,5,40.0,1,11,269.3812236910717,spruce,25,9.14720363381997,8.88234214033229,2140,1.2305907555924431,1.2305907555924431,0,0,0,0,0,none
C19941,72113719,30,37.073,44,5,40.0,1,11,221.8008403412249,spruce,26,9.14720363381997,8.88234214033229,2145,0.7486998221197553,0.7486998221197553,0,0,0,0,0,none
C19941,72113719,30,30.073,44,5,40.0,1,11,177.65904963266877,spruce,27,9.14720363381997,8.88234214033229,2150,0.3930377019868534,0.3930377019868534,0,0,0,0,0,none
C19941,72113719,30,22.073,44,5,40.0,1,11,138.11069024787625,spruce,28,9.14720363381997,8.88234214033229,2155,0.1394615576680904,0.1394615576680904,0,0,0,0,0,none
C19941,72113719,30,13.073,44,5,40.0,1,11,103.4325467208818,spruce,29,9.14720363381997,8.88234214033229,2160,-0.018752236892731956,-0.018752236892731956,0,0,0,0,0,none
C19941,72113719,30,4.073,44,5,40.0,1,11,73.91815369603877,spruce,30,9.14720363381997,8.88234214033229,2165,-0.0887826204427162,-0.0887826204427162,0,0,0,0,0,none
C19941,72113719,30,-4.927,44,5,40.0,1,11,50.084225722188854,spruce,31,9.14720363381997,8.88234214033229,2170,-0.10265273654607497,-0.10265273654607497,0,0,0,0,0,none
C19941,72113719,30,-14.927,44,5,40.0,1,11,31.892450506128892,spruce,32,9.14720363381997,8.88234214033229,2175,-0.08902773201325855,-0.08902773201325855,0,0,0,0,0,none
C19941,72113719,30,-24.927,44,5,40.0,1,11,18.799156822297775,spruce,33,9.14720363381997,8.88234214033229,2180,-0.06244950409470287,-0.06244950409470287,0,0,0,0,0,none
C19941,72113719,30,-35.927,44,5,40.0,1,11,10.139513017131543,spruce,34,9.14720363381997,8.88234214033229,2185,-0.03712243967428244,-0.03712243967428244,0,0,0,0,0,none
C19941,72113719,30,-46.927,44,5,40.0,1,11,4.891216019006442,spruce,35,9.14720363381997,8.88234214033229,2190,-0.018315301758121485,-0.018315301758121485,0,0,0,0,0,clear cut
C19941,72113719,30,-40.927,46,5,40.0,1,11,3.6999605417110693,spruce,36,9.14720363381997,8.88234214033229,2195,-0.015096301010453077,-0.015096301010453077,0,0,0,0,0,none
C19941,72113719,30,-36.927,47,5,40.0,1,11,2.7608796355981533,spruce,37,9.14720363381997,8.88234214033229,2200,-0.011586498420590763,-0.011586498420590763,0,0,0,0,0,none
C19941,72113719,30,-35.927,48,5,40.0,1,11,1.9953125280866777,spruce,38,9.14720363381997,8.88234214033229,2205,-0.008685721213273628,-0.008685721213273628,0,0,0,0,0,none
C19941,72113719,30,-37.927,48,5,40.0,1,11,1.322350116426407,spruce,39,9.14720363381997,8.88234214033229,2210,-0.005813021704698647,-0.005813021704698647,0,0,0,0,0,none
C19941,72113719,30,-41.927,48,5,40.0,1,11,0.8144842455397072,spruce,40,9.14720363381997,8.88234214033229,2215,-0.003627814355452002,-0.003627814355452002,0,0,0,0,0,none
C19941,67570519,30,50.074,41.82281328100381,5,40.0,1,11,320.0,spruce,24,6.9139764235100465,13.499432096182105,2135,1.7863824739730083,1.7863824739730083,0,0,0,0,0,none
C19941,67570519,30,45.074,43,5,40.0,1,11,269.66894894806774,spruce,25,6.9139764235100465,13.499432096182105,2140,1.281709920427933,1.281709920427933,0,0,0,0,0,none
C19941,67570519,30,39.074,44,5,40.0,1,11,222.91172689616496,spruce,26,6.9139764235100465,13.499432096182105,2145,0.8308170893385376,0.8308170893385376,0,0,0,0,0,none
C19941,67570519,30,32.074,44,5,40.0,1,11,179.90564654092282,spruce,27,6.9139764235100465,13.499432096182105,2150,0.45592720556399413,0.45592720556399413,0,0,0,0,0,none
C19941,67570519,30,24.073999999999998,44,5,40.0,1,11,141.03689208753173,spruce,28,6.9139764235100465,13.499432096182105,2155,0.18304792838537448,0.18304792838537448,0,0,0,0,0,none
C19941,67570519,30,16.073999999999998,44,5,40.0,1,11,106.62914994165305,spruce,29,6.9139764235100465,13.499432096182105,2160,0.020987279021328478,0.020987279021328478,0,0,0,0,0,none
C19941,67570519,30,7.073999999999998,44,5,40.0,1,11,77.4398500983451,spruce,30,6.9139764235100465,13.499432096182105,2165,-0.06815355307581927,-0.06815355307581927,0,0,0,0,0,none
C19941,67570519,30,-1.926000000000002,44,5,40.0,1,11,53.45711885371341,spruce,31,6.9139764235100465,13.499432096182105,2170,-0.09545873062311269,-0.09545873062311269,0,0,0,0,0,none
C19941,67570519,30,-11.926000000000002,44,5,40.0,1,11,34.782333453171894,spruce,32,6.9139764235100465,13.499432096182105,2175,-0.09012323278112029,-0.09012323278112029,0,0,0,0,0,none
C19941,67570519,30,-21.926000000000002,44,5,40.0,1,11,21.025496886630254,spruce,33,6.9139764235100465,13.499432096182105,2180,-0.06696528834321551,-0.06696528834321551,0,0,0,0,0,none
C19941,67570519,30,-32.926,44,5,40.0,1,11,11.676201560361323,spruce,34,6.9139764235100465,13.499432096182105,2185,-0.04196423894509524,-0.04196423894509524,0,0,0,0,0,none
C19941,67570519,30,-43.926,44,5,40.0,1,11,5.827082634488257,spruce,35,6.9139764235100465,13.499432096182105,2190,-0.021835053115641878,-0.021835053115641878,0,0,0,0,0,clear cut
C19941,67570519,30,-37.926,46,5,40.0,1,11,4.480505351286811,spruce,36,6.9139764235100465,13.499432096182105,2195,-0.018096924751487196,-0.018096924751487196,0,0,0,0,0,none
C19941,67570519,30,-33.926,47,5,40.0,1,11,3.3997602802114186,spruce,37,6.9139764235100465,13.499432096182105,2200,-0.014025742306636148,-0.014025742306636148,0,0,0,0,0,none
C19941,67570519,30,-32.926,47,5,40.0,1,11,2.5019005056372072,spruce,38,6.9139764235100465,13.499432096182105,2205,-0.01025098276361938,-0.01025098276361938,0,0,0,0,0,none
C19941,67570519,30,-34.926,47,5,40.0,1,11,1.694938268490906,spruce,39,6.9139764235100465,13.499432096182105,2210,-0.007036504408616238,-0.007036504408616238,0,0,0,0,0,none
C19941,67570519,30,-38.926,47,5,40.0,1,11,1.0706327728901972,spruce,40,6.9139764235100465,13.499432096182105,2215,-0.004531754231750202,-0.004531754231750202,0,0,0,0,0,none
C19941,84798232,30,50.075,41.88936707045449,5,40.0,1,11,320.0,spruce,24,6.295313746480328,12.537112043256693,2135,1.7886949726605492,1.7886949726605492,0,0,0,0,0,none
C19941,84798232,30,45.075,43,5,40.0,1,11,269.93022333404974,spruce,25,6.295313746480328,12.537112043256693,2140,1.2830018145182633,1.2830018145182633,0,0,0,0,0,none
C19941,84798232,30,39.075,44,5,40.0,1,11,223.32227044461638,spruce,26,6.295313746480328,12.537112043256693,2145,0.8323869403133869,0.8323869403133869,0,0,0,0,0,none
C19941,84798232,30,32.075,44,5,40.0,1,11,180.36804045764657,spruce,27,6.295313746480328,12.537112043256693,2150,0.45712843212177134,0.45712843212177134,0,0,0,0,0,none
C19941,84798232,30,24.075000000000003,44,5,40.0,1,11,141.47624499421343,spruce,28,6.295313746480328,12.537112043256693,2155,0.1836388208643538,0.1836388208643538,0,0,0,0,0,none
C19941,84798232,30,16.075000000000003,44,5,40.0,1,11,106.99599287275105,spruce,29,6.295313746480328,12.537112043256693,2160,0.02107330391216815,0.02107330391216815,0,0,0,0,0,none
C19941,84798232,30,7.075000000000003,44,5,40.0,1,11,77.71885553501036,spruce,30,6.295313746480328,12.537112043256693,2165,-0.06839054113771133,-0.06839054113771133,0,0,0,0,0,none
C19941,84798232,30,-1.9249999999999972,44,5,40.0,1,11,53.651520284882395,spruce,31,6.295313746480328,12.537112043256693,2170,-0.09580098635740308,-0.09580098635740308,0,0,0,0,0,none
C19941,84798232,30,-11.924999999999997,44,5,40.0,1,11,34.90766690099226,spruce,32,6.295313746480328,12.537112043256693,2175,-0.09044553743237001,-0.09044553743237001,0,0,0,0,0,none
C19941,84798232,30,-21.924999999999997,44,5,40.0,1,11,21.100390781052045,spruce,33,6.295313746480328,12.537112043256693,2180,-0.06720279206182139,-0.06720279206182139,0,0,0,0,0,none
C19941,84798232,30,-32.925,44,5,40.0,1,11,11.717582844515247,spruce,34,6.295313746480328,12.537112043256693,2185,-0.042112663720199145,-0.042112663720199145,0,0,0,0,0,none
C19941,84798232,30,-43.925,44,5,40.0,1,11,5.847899265962226,spruce,35,6.295313746480328,12.537112043256693,2190,-0.021913043093732137,-0.021913043093732137,0,0,0,0,0,clear cut
C19941,84798232,30,-37.925,46,5,40.0,1,11,4.496655795388807,spruce,36,6.295313746480328,12.537112043256693,2195,-0.018162080497391223,-0.018162080497391223,0,0,0,0,0,none
C19941,84798232,30,-33.925,47,5,40.0,1,11,3.412083925833179,spruce,37,6.295313746480328,12.537112043256693,2200,-0.01407649114374969,-0.01407649114374969,0,0,0,0,0,none
C19941,84798232,30,-32.925,47,5,40.0,1,11,2.5110035002909763,spruce,38,6.295313746480328,12.537112043256693,2205,-0.010288206539932529,-0.010288206539932529,0,0,0,0,0,none
C19941,84798232,30,-34.925,47,5,40.0,1,11,1.7011258741275128,spruce,39,6.295313746480328,12.537112043256693,2210,-0.007062149874929292,-0.007062149874929292,0,0,0,0,0,none
C19941,84798232,30,-38.925,47,5,40.0,1,11,1.0745543289210848,spruce,40,6.295313746480328,12.537112043256693,2215,-0.004548336333178571,-0.004548336333178571,0,0,0,0,0,none
C19941,01659373,30,50.076,41.8472451106329,5,40.0,1,11,320.0,spruce,25,10.357200963446438,3.88931619055769,2140,1.7873307217972836,1.7873307217972836,0,0,0,0,0,none
C19941,01659373,30,44.076,43,5,40.0,1,11,268.7323432257361,spruce,26,10.357200963446438,3.88931619055769,2145,1.227774446808407,1.227774446808407,0,0,0,0,0,none
C19941,01659373,30,37.076,44,5,40.0,1,11,220.71606683500974,spruce,27,10.357200963446438,3.88931619055769,2150,0.7451530512138573,0.7451530512138573,0,0,0,0,0,none
C19941,01659373,30,29.076,44,5,40.0,1,11,176.44958259137385,spruce,28,10.357200963446438,3.88931619055769,2155,0.36261564752943537,0.36261564752943537,0,0,0,0,0,none
C19941,01659373,30,21.076,44,5,40.0,1,11,136.3925711845053,spruce,29,10.357200963446438,3.88931619055769,2160,0.11857963049099408,0.11857963049099408,0,0,0,0,0,none
C19941,01659373,30,12.076,44,5,40.0,1,11,101.58187309738776,spruce,30,10.357200963446438,3.88931619055769,2165,-0.030749451981785414,-0.030749451981785414,0,0,0,0,0,none
C19941,01659373,30,3.0760000000000005,44,5,40.0,1,11,72.19241186270207,spruce,31,10.357200963446438,3.88931619055769,2170,-0.09410467339953184,-0.09410467339953184,0,0,0,0,0,none
C19941,01659373,30,-6.9239999999999995,44,5,40.0,1,11,48.58193393103689,spruce,32,10.357200963446438,3.88931619055769,2175,-0.10759231780552093,-0.10759231780552093,0,0,0,0,0,none
C19941,01659373,30,-16.924,44,5,40.0,1,11,30.547580414848333,spruce,33,10.357200963446438,3.88931619055769,2180,-0.08902554919238483,-0.08902554919238483,0,0,0,0,0,none
C19941,01659373,30,-26.924,44,5,40.0,1,11,17.75934799411713,spruce,34,10.357200963446438,3.88931619055769,2185,-0.06042666472003425,-0.06042666472003425,0,0,0,0,0,none
C19941,01659373,30,-37.924,44,5,40.0,1,11,9.446442509162528,spruce,35,10.357200963446438,3.88931619055769,2190,-0.034907530876048684,-0.034907530876048684,0,0,0,0,0,clear cut
C19941,01659373,30,-31.924,46,5,40.0,1,11,7.483355142957416,spruce,36,10.357200963446438,3.88931619055769,2195,-0.029163604188108674,-0.029163604188108674,0,0,0,0,0,none
C19941,01659373,30,-27.924,47,5,40.0,1,11,5.854881514244605,spruce,37,10.357200963446438,3.88931619055769,2200,-0.022963784823318803,-0.022963784823318803,0,0,0,0,0,none
C19941,01659373,30,-25.924,47,5,40.0,1,11,4.45407299264574,spruce,38,10.357200963446438,3.88931619055769,2205,-0.01708727187606723,-0.01708727187606723,0,0,0,0,0,none
C19941,01659373,30,-27.924,47,5,40.0,1,11,3.1623900806085605,spruce,39,10.357200963446438,3.88931619055769,2210,-0.012403401360353962,-0.012403401360353962,0,0,0,0,0,none
C19941,01659373,30,-31.924,47,5,40.0,1,11,2.1085145240507916,spruce,40,10.357200963446438,3.88931619055769,2215,-0.008574749634160871,-0.008574749634160871,0,0,0,0,0,none
C19941,06835169,30,50.077,41.840554902129284,5,40.0,1,11,320.0,spruce,25,14.014520729650759,10.805218807937997,2140,1.7871650999202926,1.7871650999202926,0,0,0,0,0,none
C19941,06835169,30,44.077,43,5,40.0,1,11,269.02439149168123,spruce,26,14.014520729650759,10.805218807937997,2145,1.2291581059692718,1.2291581059692718,0,0,0,0,0,none
C19941,06835169,30,37.077,44,5,40.0,1,11,221.16508140203828,spruce,27,14.014520729650759,10.805218807937997,2150,0.7467073471169494,0.7467073471169494,0,0,0,0,0,none
C19941,06835169,30,29.076999999999998,44,5,40.0,1,11,176.94131747361556,spruce,28,14.014520729650759,10.805218807937997,2155,0.36365391651655743,0.36365391651655743,0,0,0,0,0,none
C19941,06835169,30,21.076999999999998,44,5,40.0,1,11,136.83973581728898,spruce,29,14.014520729650759,10.805218807937997,2160,0.1189875186651625,0.1189875186651625,0,0,0,0,0,none
C19941,06835169,30,12.076999999999998,44,5,40.0,1,11,101.94418778766627,spruce,30,14.014520729650759,10.805218807937997,2165,-0.030846820232664728,-0.030846820232664728,0,0,0,0,0,none
C19941,06835169,30,3.076999999999998,44,5,40.0,1,11,72.45746981456391,spruce,31,14.014520729650759,10.805218807937997,2170,-0.09444281527598078,-0.09444281527598078,0,0,0,0,0,none
C19941,06835169,30,-6.923000000000002,44,5,40.0,1,11,48.75998568492749,spruce,32,14.014520729650759,10.805218807937997,2175,-0.10798271418385447,-0.10798271418385447,0,0,0,0,0,none
C19941,06835169,30,-16.923000000000002,44,5,40.0,1,11,30.65800165145321,spruce,33,14.014520729650759,10.805218807937997,2180,-0.08934553154235511,-0.08934553154235511,0,0,0,0,0,none
C19941,06835169,30,-26.923000000000002,44,5,40.0,1,11,17.822956120318004,spruce,34,14.014520729650759,10.805218807937997,2185,-0.06064241140453359,-0.06064241140453359,0,0,0,0,0,none
C19941,06835169,30,-37.923,44,5,40.0,1,11,9.480296477703195,spruce,35,14.014520729650759,10.805218807937997,2190,-0.03503248969281043,-0.03503248969281043,0,0,0,0,0,clear cut
C19941,06835169,30,-31.923000000000002,46,5,40.0,1,11,7.51043382490114,spruce,36,14.014520729650759,10.805218807937997,2195,-0.029268905911151888,-0.029268905911151888,0,0,0,0,0,none
C19941,06835169,30,-27.923000000000002,47,5,40.0,1,11,5.876190404221189,spruce,37,14.014520729650759,10.805218807937997,2200,-0.023047122783255016,-0.023047122783255016,0,0,0,0,0,none
C19941,06835169,30,-25.923000000000002,47,5,40.0,1,11,4.470347599964632,spruce,38,14.014520729650759,10.805218807937997,2205,-0.017149504600297332,-0.017149504600297332,0,0,0,0,0,none
C19941,06835169,30,-27.923000000000002,47,5,40.0,1,11,3.173976726521247,spruce,39,14.014520729650759,10.805218807937997,2210,-0.01244871699099141,-0.01244871699099141,0,0,0,0,0,none
C19941,06835169,30,-31.923000000000002,47,5,40.0,1,11,2.116260660096482,spruce,40,14.014520729650759,10.805218807937997,2215,-0.008606184116429525,-0.008606184116429525,0,0,0,0,0,none
C19941,90441226,30,50.078,41.84173222400953,5,40.0,1,11,320.0,spruce,25,16.759559240954587,0.15865752389046195,2140,1.78726570699681,1.78726570699681,0,0,0,0,0,none
C19941,90441226,30,45.078,43,5,40.0,1,11,269.31451301751326,spruce,26,16.759559240954587,0.15865752389046195,2145,1.2802251985879192,1.2802251985879192,0,0,0,0,0,none
C19941,90441226,30,39.078,44,5,40.0,1,11,222.28155965863516,spruce,27,16.759559240954587,0.15865752389046195,2150,0.8286264836519537,0.8286264836519537,0,0,0,0,0,none
C19941,90441226,30,32.078,44,5,40.0,1,11,179.20097010837665,spruce,28,16.759559240954587,0.15865752389046195,2155,0.4542582209673353,0.4542582209673353,0,0,0,0,0,none
C19941,90441226,30,24.078000000000003,44,5,40.0,1,11,140.32820544006432,spruce,29,16.759559240954587,0.15865752389046195,2160,0.18221014764713553,0.18221014764713553,0,0,0,0,0,none
C19941,90441226,30,15.078000000000003,44,5,40.0,1,11,106.03600412898773,spruce,30,16.759559240954587,0.15865752389046195,2165,0.007339614191510816,0.007339614191510816,0,0,0,0,0,none
C19941,90441226,30,6.078000000000003,44,5,40.0,1,11,76.60928446442844,spruce,31,16.759559240954587,0.15865752389046195,2170,-0.07574627663883546,-0.07574627663883546,0,0,0,0,0,none
C19941,90441226,30,-2.921999999999997,44,5,40.0,1,11,52.54006195959612,spruce,32,16.759559240954587,0.15865752389046195,2175,-0.09853374684065998,-0.09853374684065998,0,0,0,0,0,none
C19941,90441226,30,-12.921999999999997,44,5,40.0,1,11,34.018833756589416,spruce,33,16.759559240954587,0.15865752389046195,2180,-0.09047979692998276,-0.09047979692998276,0,0,0,0,0,none
C19941,90441226,30,-22.921999999999997,44,5,40.0,1,11,20.465018434681635,spruce,34,16.759559240954587,0.15865752389046195,2185,-0.0661537496208101,-0.0661537496208101,0,0,0,0,0,none
C19941,90441226,30,-32.922,44,5,40.0,1,11,11.324330869219802,spruce,35,16.759559240954587,0.15865752389046195,2190,-0.040698458802375874,-0.040698458802375874,0,0,0,0,0,clear cut
C19941,90441226,30,-26.921999999999997,45,5,40.0,1,11,9.172396665538892,spruce,36,16.759559240954587,0.15865752389046195,2195,-0.03264221998053625,-0.03264221998053625,0,0,0,0,0,none
C19941,90441226,30,-22.921999999999997,45,5,40.0,1,11,7.3422366321782375,spruce,37,16.759559240954587,0.15865752389046195,2200,-0.024833846312774917,-0.024833846312774917,0,0,0,0,0,none
C19941,90441226,30,-20.921999999999997,45,5,40.0,1,11,5.726135301769013,spruce,38,16.759559240954587,0.15865752389046195,2205,-0.018788263438100423,-0.018788263438100423,0,0,0,0,0,none
C19941,90441226,30,-22.921999999999997,45,5,40.0,1,11,4.189454838732396,spruce,39,16.759559240954587,0.15865752389046195,2210,-0.014170106850468763,-0.014170106850468763,0,0,0,0,0,none
C19941,90441226,30,-26.921999999999997,45,5,40.0,1,11,2.8921428582937163,spruce,40,16.759559240954587,0.15865752389046195,2215,-0.010292398686839158,-0.010292398686839158,0,0,0,0,0,none
C19941,24411830,30,50.079,41.91584734695211,5,40.0,1,11,320.0,spruce,26,3.791034056678546,19.299778482218276,2145,1.7898341628508982,1.7898341628508982,0,0,0,0,0,none
C19941,24411830,30,44.079,43,5,40.0,1,11,268.1379896712492,spruce,27,3.791034056678546,19.299778482218276,2150,1.2252065792574605,1.2252065792574605,0,0,0,0,0,none
C19941,24411830,30,37.079,44,5,40.0,1,11,219.85536783999467,spruce,28,3.791034056678546,19.299778482218276,2155,0.7423617627984946,0.7423617627984946,0,0,0,0,0,none
C19941,24411830,30,29.079,44,5,40.0,1,11,175.4904433498016,spruce,29,3.791034056678546,19.299778482218276,2160,0.36072703481775914,0.36072703481775914,0,0,0,0,0,none
C19941,24411830,30,21.079,44,5,40.0,1,11,135.54406478914768,spruce,30,3.791034056678546,19.299778482218276,2165,0.11789876754285339,0.11789876754285339,0,0,0,0,0,none
C19941,24411830,30,12.079,44,5,40.0,1,11,100.93617166335316,spruce,31,3.791034056678546,19.299778482218276,2170,-0.030517438802277867,-0.030517438802277867,0,0,0,0,0,none
C19941,24411830,30,3.0790000000000006,44,5,40.0,1,11,71.70309118155143,spruce,32,3.791034056678546,19.299778482218276,2175,-0.09344495690265087,-0.09344495690265087,0,0,0,0,0,none
C19941,24411830,30,-5.920999999999999,44,5,40.0,1,11,48.3519398676797,spruce,33,3.791034056678546,19.299778482218276,2180,-0.10312558538382596,-0.10312558538382596,0,0,0,0,0,none
C19941,24411830,30,-15.921,44,5,40.0,1,11,30.730817532676205,spruce,34,3.791034056678546,19.299778482218276,2185,-0.08769618714980673,-0.08769618714980673,0,0,0,0,0,none
C19941,24411830,30,-25.921,44,5,40.0,1,11,18.123285976347706,spruce,35,3.791034056678546,19.299778482218276,2190,-0.06095045349797102,-0.06095045349797102,0,0,0,0,0,clear cut
C19941,24411830,30,-18.921,45,5,40.0,1,11,15.086929112089749,spruce,36,3.791034056678546,19.299778482218276,2195,-0.04784441047777793,-0.04784441047777793,0,0,0,0,0,none
C19941,24411830,30,-13.921,45,5,40.0,1,11,12.469438981315841,spruce,37,3.791034056678546,19.299778482218276,2200,-0.035647648878119324,-0.035647648878119324,0,0,0,0,0,none
C19941,24411830,30,-11.921,45,5,40.0,1,11,10.111123985093137,spruce,38,3.791034056678546,19.299778482218276,2205,-0.027488944267742947,-0.027488944267742947,0,0,0,0,0,none
C19941,24411830,30,-12.921,45,5,40.0,1,11,7.7570113866142565,spruce,39,3.791034056678546,19.299778482218276,2210,-0.02164069411015432,-0.02164069411015432,0,0,0,0,0,none
C19941,24411830,30,-15.921,45,5,40.0,1,11,5.690894856943726,spruce,40,3.791034056678546,19.299778482218276,2215,-0.017017303896964254,-0.017017303896964254,0,0,0,0,0,none
C19941,92891391,30,50.08,41.866981449268465,5,40.0,1,11,320.0,spruce,26,2.886308004580962,0.2818458838488591,2145,1.7882417355423872,1.7882417355423872,0,0,0,0,0,none
C19941,92891391,30,44.08,43,5,40.0,1,11,268.43400861578294,spruce,27,2.886308004580962,0.2818458838488591,2150,1.2266084357910105,1.2266084357910105,0,0,0,0,0,none
C19941,92891391,30,37.08,44,5,40.0,1,11,220.30809011554553,spruce,28,2.886308004580962,0.2818458838488591,2155,0.7439286645848864,0.7439286645848864,0,0,0,0,0,none
C19941,92891391,30,29.08,44,5,40.0,1,11,175.98437492894277,spruce,29,2.886308004580962,0.2818458838488591,2160,0.3617699015104691,0.3617699015104691,0,0,0,0,0,none
C19941,92891391,30,21.08,44,5,40.0,1,11,135.99207553036507,spruce,30,2.886308004580962,0.2818458838488591,2165,0.11830746155723916,0.11830746155723916,0,0,0,0,0,none
C19941,92891391,30,12.079999999999998,44,5,40.0,1,11,101.29872668353835,spruce,31,2.886308004580962,0.2818458838488591,2170,-0.03061482577507644,-0.03061482577507644,0,0,0,0,0,none
C19941,92891391,30,3.0799999999999983,44,5,40.0,1,11,71.96812523568501,spruce,32,2.886308004580962,0.2818458838488591,2175,-0.09378303607786796,-0.09378303607786796,0,0,0,0,0,none
C19941,92891391,30,-5.920000000000002,44,5,40.0,1,11,48.53058652149755,spruce,33,2.886308004580962,0.2818458838488591,2180,-0.10350259343270794,-0.10350259343270794,0,0,0,0,0,none
C19941,92891391,30,-15.920000000000002,44,5,40.0,1,11,30.842931019418668,spruce,34,2.886308004580962,0.2818458838488591,2185,-0.08801422682157052,-0.08801422682157052,0,0,0,0,0,none
C19941,92891391,30,-25.92,44,5,40.0,1,11,18.188768974321864,spruce,35,2.886308004580962,0.2818458838488591,2190,-0.0611699452131972,-0.0611699452131972,0,0,0,0,0,clear cut
C19941,92891391,30,-18.92,45,5,40.0,1,11,15.141911871172693,spruce,36,2.886308004580962,0.2818458838488591,2195,-0.04801791014428294,-0.04801791014428294,0,0,0,0,0,none
C19941,92891391,30,-13.920000000000002,45,5,40.0,1,11,12.51508538041166,spruce,37,2.886308004580962,0.2818458838488591,2200,-0.03577729312348862,-0.03577729312348862,0,0,0,0,0,none
C19941,92891391,30,-11.920000000000002,45,5,40.0,1,11,10.148222966715949,spruce,38,2.886308004580962,0.2818458838488591,2205,-0.02758907171787272,-0.02758907171787272,0,0,0,0,0,none
C19941,92891391,30,-12.920000000000002,45,5,40.0,1,11,7.785516689084996,spruce,39,2.886308004580962,0.2818458838488591,2210,-0.021719673424246685,-0.021719673424246685,0,0,0,0,0,none
C19941,92891391,30,-15.920000000000002,45,5,40.0,1,11,5.711833895926781,spruce,40,2.886308004580962,0.2818458838488591,2215,-0.017079554134030152,-0.017079554134030152,0,0,0,0,0,none
C19941,58037301,30,50.081,41.8138709290987,5,40.0,1,11,320.0,spruce,26,15.891567023695043,10.141598465682728,2145,1.786504895595511,1.786504895595511,0,0,0,0,0,none
C19941,58037301,30,44.081,43,5,40.0,1,11,268.72807069491535,spruce,27,15.891567023695043,10.141598465682728,2150,1.2280014592589903,1.2280014592589903,0,0,0,0,0,none
C19941,58037301,30,37.081,44,5,40.0,1,11,220.7589153588209,spruce,28,15.891567023695043,10.141598465682728,2155,0.7454893178539144,0.7454893178539144,0,0,0,0,0,none
C19941,58037301,30,29.081000000000003,44,5,40.0,1,11,176.47721882795702,spruce,29,15.891567023695043,10.141598465682728,2160,0.3628106872420197,0.3628106872420197,0,0,0,0,0,none
C19941,58037301,30,21.081000000000003,44,5,40.0,1,11,136.43970754927332,spruce,30,15.891567023695043,10.141598465682728,2165,0.11871595156001007,0.11871595156001007,0,0,0,0,0,none
C19941,58037301,30,12.081000000000003,44,5,40.0,1,11,101.66126792386032,spruce,31,15.891567023695043,10.141598465682728,2170,-0.030712120830713903,-0.030712120830713903,0,0,0,0,0,none
C19941,58037301,30,3.081000000000003,44,5,40.0,1,11,72.2332284188859,spruce,32,15.891567023695043,10.141598465682728,2175,-0.09412115127211873,-0.09412115127211873,0,0,0,0,0,none
C19941,58037301,30,-5.918999999999997,44,5,40.0,1,11,48.70927818765224,spruce,33,15.891567023695043,10.141598465682728,2180,-0.10387966783942361,-0.10387966783942361,0,0,0,0,0,none
C19941,58037301,30,-15.918999999999997,44,5,40.0,1,11,30.95505661164508,spruce,34,15.891567023695043,10.141598465682728,2185,-0.08833228717822263,-0.08833228717822263,0,0,0,0,0,none
C19941,58037301,30,-25.918999999999997,44,5,40.0,1,11,18.25425165341811,spruce,35,15.891567023695043,10.141598465682728,2190,-0.06138943053044265,-0.06138943053044265,0,0,0,0,0,clear cut
C19941,58037301,30,-18.918999999999997,45,5,40.0,1,11,15.196899169917476,spruce,36,15.891567023695043,10.141598465682728,2195,-0.04819141789654292,-0.04819141789654292,0,0,0,0,0,none
C19941,58037301,30,-13.918999999999997,45,5,40.0,1,11,12.560737551438633,spruce,37,15.891567023695043,10.141598465682728,2200,-0.03590694764317129,-0.03590694764317129,0,0,0,0,0,none
C19941,58037301,30,-11.918999999999997,45,5,40.0,1,11,10.185327412021053,spruce,38,15.891567023695043,10.141598465682728,2205,-0.02768920864042395,-0.02768920864042395,0,0,0,0,0,none
C19941,58037301,30,-12.918999999999997,45,5,40.0,1,11,7.814026523954237,spruce,39,15.891567023695043,10.141598465682728,2210,-0.02179866137122946,-0.02179866137122946,0,0,0,0,0,none
C19941,58037301,30,-15.918999999999997,45,5,40.0,1,11,5.732776431106456,spruce,40,15.891567023695043,10.141598465682728,2215,-0.01714181215054751,-0.01714181215054751,0,0,0,0,0,none
C19941,42548050,30,50.082,41.829513700495944,5,40.0,1,11,320.0,spruce,27,17.149689981671933,12.391734787371476,2150,1.7870951784896592,1.7870951784896592,0,0,0,0,0,none
C19941,42548050,30,44.082,43,5,40.0,1,11,267.7380040958335,spruce,28,17.149689981671933,12.391734787371476,2155,1.2235262976270804,1.2235262976270804,0,0,0,0,0,none
C19941,42548050,30,37.082,43,5,40.0,1,11,219.22194192376503,spruce,29,17.149689981671933,12.391734787371476,2160,0.7313412520190827,0.7313412520190827,0,0,0,0,0,none
C19941,42548050,30,29.082,43,5,40.0,1,11,174.84888879960343,spruce,30,17.149689981671933,12.391734787371476,2165,0.3584453142371548,0.3584453142371548,0,0,0,0,0,none
C19941,42548050,30,21.082,43,5,40.0,1,11,135.02316295373402,spruce,31,17.149689981671933,12.391734787371476,2170,0.12101349536042408,0.12101349536042408,0,0,0,0,0,none
C19941,42548050,30,12.082,43,5,40.0,1,11,100.50604636405878,spruce,32,17.149689981671933,12.391734787371476,2175,-0.024490721306728313,-0.024490721306728313,0,0,0,0,0,none
C19941,42548050,30,3.0820000000000007,43,5,40.0,1,11,71.52651274128895,spruce,33,17.149689981671933,12.391734787371476,2180,-0.08699038208301267,-0.08699038208301267,0,0,0,0,0,none
C19941,42548050,30,-5.917999999999999,43,5,40.0,1,11,48.36996857116947,spruce,34,17.149689981671933,12.391734787371476,2185,-0.09777158930219529,-0.09777158930219529,0,0,0,0,0,none
C19941,42548050,30,-15.918,43,5,40.0,1,11,30.89287284291978,spruce,35,17.149689981671933,12.391734787371476,2190,-0.08401603630895695,-0.08401603630895695,0,0,0,0,0,clear cut
C19941,42548050,30,-8.918,43,5,40.0,1,11,26.574659270996165,spruce,36,17.149689981671933,12.391734787371476,2195,-0.05985960071182936,-0.05985960071182936,0,0,0,0,0,none
C19941,42548050,30,-3.9179999999999993,43,5,40.0,1,11,22.707758833084174,spruce,37,17.149689981671933,12.391734787371476,2200,-0.042165503791554905,-0.042165503791554905,0,0,0,0,0,none
C19941,42548050,30,-0.9179999999999993,43,5,40.0,1,11,19.084584416651907,spruce,38,17.149689981671933,12.391734787371476,2205,-0.03043417461956925,-0.03043417461956925,0,0,0,0,0,none
C19941,42548050,30,-1.9179999999999993,43,5,40.0,1,11,15.360637654643849,spruce,39,17.149689981671933,12.391734787371476,2210,-0.02586974575170389,-0.02586974575170389,0,0,0,0,0,none
C19941,42548050,30,-3.9179999999999993,43,5,40.0,1,11,11.909067235168417,spruce,40,17.149689981671933,12.391734787371476,2215,-0.022113667110413543,-0.022113667110413543,0,0,0,0,0,none
C19941,59299731,30,50.083,41.87168218961595,5,40.0,1,11,320.0,spruce,27,8.658770174683262,7.150223346608828,2150,1.7885832568377549,1.7885832568377549,0,0,0,0,0,none
C19941,59299731,30,44.083,43,5,40.0,1,11,268.0367085760175,spruce,28,8.658770174683262,7.150223346608828,2155,1.2249405184028446,1.2249405184028446,0,0,0,0,0,none
C19941,59299731,30,37.083,44,5,40.0,1,11,219.67736179423923,spruce,29,8.658770174683262,7.150223346608828,2160,0.7419132483555443,0.7419132483555443,0,0,0,0,0,none
C19941,59299731,30,29.083,44,5,40.0,1,11,175.34434973473248,spruce,30,8.658770174683262,7.150223346608828,2165,0.36053662411587356,0.36053662411587356,0,0,0,0,0,none
C19941,59299731,30,21.083,44,5,40.0,1,11,135.47184914792587,spruce,31,8.658770174683262,7.150223346608828,2170,0.11791168742732153,0.11791168742732153,0,0,0,0,0,none
C19941,59299731,30,12.082999999999998,44,5,40.0,1,11,100.8687775399082,spruce,32,8.658770174683262,7.150223346608828,2175,-0.030448351594468594,-0.030448351594468594,0,0,0,0,0,none
C19941,59299731,30,3.0829999999999984,44,5,40.0,1,11,71.79205843756434,spruce,33,8.658770174683262,7.150223346608828,2180,-0.09353169676246165,-0.09353169676246165,0,0,0,0,0,none
C19941,59299731,30,-5.917000000000002,44,5,40.0,1,11,48.54946993032931,spruce,34,8.658770174683262,7.150223346608828,2185,-0.1035308264298446,-0.1035308264298446,0,0,0,0,0,none
C19941,59299731,30,-15.917000000000002,44,5,40.0,1,11,31.006082497584078,spruce,35,8.658770174683262,7.150223346608828,2190,-0.08847407785463374,-0.08847407785463374,0,0,0,0,0,clear cut
C19941,59299731,30,-8.917000000000002,44,5,40.0,1,11,26.67263812675983,spruce,36,8.658770174683262,7.150223346608828,2195,-0.06324011211261413,-0.06324011211261413,0,0,0,0,0,none
C19941,59299731,30,-3.9170000000000016,44,5,40.0,1,11,22.791690511857183,spruce,37,8.658770174683262,7.150223346608828,2200,-0.044738107812199224,-0.044738107812199224,0,0,0,0,0,none
C19941,59299731,30,-0.9170000000000016,44,5,40.0,1,11,19.15521071079692,spruce,38,8.658770174683262,7.150223346608828,2205,-0.03242405029801963,-0.03242405029801963,0,0,0,0,0,none
C19941,59299731,30,-1.9170000000000016,44,5,40.0,1,11,15.417540146642114,spruce,39,8.658770174683262,7.150223346608828,2210,-0.027518559994379375,-0.027518559994379375,0,0,0,0,0,none
C19941,59299731,30,-3.9170000000000016,44,5,40.0,1,11,11.953229448191529,spruce,40,8.658770174683262,7.150223346608828,2215,-0.023463150637243885,-0.023463150637243885,0,0,0,0,0,none
C19941,90289569,30,50.084,41.879871506123706,5,40.0,1,11,320.0,spruce,27,5.373002478124532,16.1655602741076,2150,1.788921235164833,1.788921235164833,0,0,0,0,0,none
C19941,90289569,30,44.084,43,5,40.0,1,11,268.3334357524517,spruce,28,5.373002478124532,16.1655602741076,2155,1.2263458126162607,1.2263458126162607,0,0,0,0,0,none
C19941,90289569,30,37.084,44,5,40.0,1,11,220.13087744905062,spruce,29,5.373002478124532,16.1655602741076,2160,0.7434831150705312,0.7434831150705312,0,0,0,0,0,none
C19941,90289569,30,29.084000000000003,44,5,40.0,1,11,175.83872576955736,spruce,30,5.373002478124532,16.1655602741076,2165,0.36158069290183315,0.36158069290183315,0,0,0,0,0,none
C19941,90289569,30,21.084000000000003,44,5,40.0,1,11,135.92016003430737,spruce,31,5.373002478124532,16.1655602741076,2170,0.11832088423701942,0.11832088423701942,0,0,0,0,0,none
C19941,90289569,30,12.084000000000003,44,5,40.0,1,11,101.23149746178237,spruce,32,5.373002478124532,16.1655602741076,2175,-0.030545620521558826,-0.030545620521558826,0,0,0,0,0,none
C19941,90289569,30,3.084000000000003,44,5,40.0,1,11,72.05767457409782,spruce,33,5.373002478124532,16.1655602741076,2180,-0.09387041675410099,-0.09387041675410099,0,0,0,0,0,none
C19941,90289569,30,-5.915999999999997,44,5,40.0,1,11,48.72901732389913,spruce,34,5.373002478124532,16.1655602741076,2185,-0.1039096794029647,-0.1039096794029647,0,0,0,0,0,none
C19941,90289569,30,-15.915999999999997,44,5,40.0,1,11,31.119304913518636,spruce,35,5.373002478124532,16.1655602741076,2190,-0.08879523693940437,-0.08879523693940437,0,0,0,0,0,clear cut
C19941,90289569,30,-8.915999999999997,44,5,40.0,1,11,26.7706340716184,spruce,36,5.373002478124532,16.1655602741076,2195,-0.06347041457011382,-0.06347041457011382,0,0,0,0,0,none
C19941,90289569,30,-3.915999999999997,44,5,40.0,1,11,22.875638824810352,spruce,37,5.373002478124532,16.1655602741076,2200,-0.04490090316920144,-0.04490090316920144,0,0,0,0,0,none
C19941,90289569,30,-0.9159999999999968,44,5,40.0,1,11,19.225851700726135,spruce,38,5.373002478124532,16.1655602741076,2205,-0.03254183170647503,-0.03254183170647503,0,0,0,0,0,none
C19941,90289569,30,-1.9159999999999968,44,5,40.0,1,11,15.474454880182167,spruce,39,5.373002478124532,16.1655602741076,2210,-0.02761873616542438,-0.02761873616542438,0,0,0,0,0,none
C19941,90289569,30,-3.915999999999997,44,5,40.0,1,11,11.997401461593439,spruce,40,5.373002478124532,16.1655602741076,2215,-0.023548813890381434,-0.023548813890381434,0,0,0,0,0,none
C19941,06525685,30,50.085,41.86697206608268,5,40.0,1,11,320.0,spruce,28,18.76963783713468,6.8605621966081305,2155,1.7885454712949032,1.7885454712949032,0,0,0,0,0,none
C19941,06525685,30,44.085,43,5,40.0,1,11,267.4003859825607,spruce,29,18.76963783713468,6.8605621966081305,2160,1.2221306257792521,1.2221306257792521,0,0,0,0,0,none
C19941,06525685,30,37.085,43,5,40.0,1,11,218.79179834350063,spruce,30,18.76963783713468,6.8605621966081305,2165,0.7300172040726816,0.7300172040726816,0,0,0,0,0,none
C19941,06525685,30,29.085,43,5,40.0,1,11,174.47583043522758,spruce,31,18.76963783713468,6.8605621966081305,2170,0.35776035262272454,0.35776035262272454,0,0,0,0,0,none
C19941,06525685,30,21.085,43,5,40.0,1,11,134.68420048772245,spruce,32,18.76963783713468,6.8605621966081305,2175,0.1207646378328164,0.1207646378328164,0,0,0,0,0,none
C19941,06525685,30,12.085,43,5,40.0,1,11,100.41340777652161,spruce,33,18.76963783713468,6.8605621966081305,2180,-0.024432793860900043,-0.024432793860900043,0,0,0,0,0,none
C19941,06525685,30,3.085000000000001,43,5,40.0,1,11,71.64033602823685,spruce,34,18.76963783713468,6.8605621966081305,2185,-0.08710758774811238,-0.08710758774811238,0,0,0,0,0,none
C19941,06525685,30,-5.914999999999999,43,5,40.0,1,11,48.6575853911043,spruce,35,18.76963783713468,6.8605621966081305,2190,-0.09834125580379646,-0.09834125580379646,0,0,0,0,0,clear cut
C19941,06525685,30,2.085000000000001,43,5,40.0,1,11,42.981866731366026,spruce,36,18.76963783713468,6.8605621966081305,2195,-0.056462395076864805,-0.056462395076864805,0,0,0,0,0,none
C19941,06525685,30,8.085,43,5,40.0,1,11,37.82593803652637,spruce,37,18.76963783713468,6.8605621966081305,2200,-0.026336133226358922,-0.026336133226358922,0,0,0,0,0,none
C19941,06525685,30,11.085,43,5,40.0,1,11,32.90452304872314,spruce,38,18.76963783713468,6.8605621966081305,2205,-0.011834201403310658,-0.011834201403310658,0,0,0,0,0,none
C19941,06525685,30,11.085,43,5,40.0,1,11,27.617419403668265,spruce,39,18.76963783713468,6.8605621966081305,2210,-0.009932680166150976,-0.009932680166150976,0,0,0,0,0,none
C19941,06525685,30,9.085,43,5,40.0,1,11,22.557459256187894,spruce,40,18.76963783713468,6.8605621966081305,2215,-0.013221251343983985,-0.013221251343983985,0,0,0,0,0,none
C19941,04366540,30,50.086,41.85272742173524,5,40.0,1,11,320.0,spruce,28,6.839056726049049,2.891954416761935,2155,1.7881240880317881,1.7881240880317881,0,0,0,0,0,none
C19941,04366540,30,44.086,43,5,40.0,1,11,267.70136445433144,spruce,29,6.839056726049049,2.891954416761935,2160,1.2235553441960916,1.2235553441960916,0,0,0,0,0,none
C19941,04366540,30,37.086,43,5,40.0,1,11,219.24912282760806,spruce,30,6.839056726049049,2.891954416761935,2165,0.7315801651836324,0.7315801651836324,0,0,0,0,0,none
C19941,04366540,30,29.086,43,5,40.0,1,11,174.97233646172114,spruce,31,6.839056726049049,2.891954416761935,2170,0.35880511431354795,0.35880511431354795,0,0,0,0,0,none
C19941,04366540,30,21.086,43,5,40.0,1,11,135.1333555503557,spruce,32,6.839056726049049,2.891954416761935,2175,0.12118574618902377,0.12118574618902377,0,0,0,0,0,none
C19941,04366540,30,12.085999999999999,43,5,40.0,1,11,100.77678211125931,spruce,33,6.839056726049049,2.891954416761935,2180,-0.02450938317107197,-0.02450938317107197,0,0,0,0,0,none
C19941,04366540,30,3.0859999999999985,43,5,40.0,1,11,71.90695141585016,spruce,34,6.839056726049049,2.891954416761935,2185,-0.08742466383410381,-0.08742466383410381,0,0,0,0,0,none
C19941,04366540,30,-5.9140000000000015,43,5,40.0,1,11,48.83859204181327,spruce,35,6.839056726049049,2.891954416761935,2190,-0.09870317092760444,-0.09870317092760444,0,0,0,0,0,clear cut
C19941,04366540,30,2.0859999999999985,43,5,40.0,1,11,43.14204669478722,spruce,36,6.839056726049049,2.891954416761935,2195,-0.05666864094747161,-0.05666864094747161,0,0,0,0,0,none
C19941,04366540,30,8.085999999999999,43,5,40.0,1,11,37.966742123960714,spruce,37,6.839056726049049,2.891954416761935,2200,-0.026430025294291844,-0.026430025294291844,0,0,0,0,0,none
C19941,04366540,30,11.085999999999999,43,5,40.0,1,11,33.026928008952936,spruce,38,6.839056726049049,2.891954416761935,2205,-0.01187441672753719,-0.01187441672753719,0,0,0,0,0,none
C19941,04366540,30,11.085999999999999,43,5,40.0,1,11,27.72031223474511,spruce,39,6.839056726049049,2.891954416761935,2210,-0.009966489744477046,-0.009966489744477046,0,0,0,0,0,none
C19941,04366540,30,9.085999999999999,43,5,40.0,1,11,22.641734172269018,spruce,40,6.839056726049049,2.891954416761935,2215,-0.013268129109759736,-0.013268129109759736,0,0,0,0,0,none
C19941,84763516,30,50.087,41.832522036548326,5,40.0,1,11,320.0,spruce,28,13.769946358978375,5.067920689725993,2155,1.7875007900005422,1.7875007900005422,0,0,0,0,0,none
C19941,84763516,30,44.087,43,5,40.0,1,11,268.0003482846562,spruce,29,13.769946358978375,5.067920689725993,2160,1.2249710565528316,1.2249710565528316,0,0,0,0,0,none
C19941,84763516,30,37.087,43,5,40.0,1,11,219.70453700860082,spruce,30,13.769946358978375,5.067920689725993,2165,0.73313690681878,0.73313690681878,0,0,0,0,0,none
C19941,84763516,30,29.087000000000003,43,5,40.0,1,11,175.46775740744692,spruce,31,13.769946358978375,5.067920689725993,2170,0.35984780252371334,0.35984780252371334,0,0,0,0,0,none
C19941,84763516,30,21.087000000000003,43,5,40.0,1,11,135.58213672764455,spruce,32,13.769946358978375,5.067920689725993,2175,0.12160664161737694,0.12160664161737694,0,0,0,0,0,none
C19941,84763516,30,12.087000000000003,43,5,40.0,1,11,101.14014456411462,spruce,33,13.769946358978375,5.067920689725993,2180,-0.024585884089020935,-0.024585884089020935,0,0,0,0,0,none
C19941,84763516,30,3.0870000000000033,43,5,40.0,1,11,72.17363656779602,spruce,34,13.769946358978375,5.067920689725993,2185,-0.08774177191874882,-0.08774177191874882,0,0,0,0,0,none
C19941,84763516,30,-5.912999999999997,43,5,40.0,1,11,49.01964445174148,spruce,35,13.769946358978375,5.067920689725993,2190,-0.0990651494048065,-0.0990651494048065,0,0,0,0,0,clear cut
C19941,84763516,30,2.0870000000000033,43,5,40.0,1,11,43.30226979112663,spruce,36,13.769946358978375,5.067920689725993,2195,-0.05687491240251437,-0.05687491240251437,0,0,0,0,0,none
C19941,84763516,30,8.087000000000003,43,5,40.0,1,11,38.107581978377354,spruce,37,13.769946358978375,5.067920689725993,2200,-0.02652391145517646,-0.02652391145517646,0,0,0,0,0,none
C19941,84763516,30,11.087000000000003,43,5,40.0,1,11,33.149362869780035,spruce,38,13.769946358978375,5.067920689725993,2205,-0.011914614503991667,-0.011914614503991667,0,0,0,0,0,none
C19941,84763516,30,11.087000000000003,43,5,40.0,1,11,27.82323158599535,spruce,39,13.769946358978375,5.067920689725993,2210,-0.010000285070474992,-0.010000285070474992,0,0,0,0,0,none
C19941,84763516,30,9.087000000000003,43,5,40.0,1,11,22.726033069744226,spruce,40,13.769946358978375,5.067920689725993,2215,-0.013315002142188805,-0.013315002142188805,0,0,0,0,0,none
C19941,08240568,30,50.088,41.8579028032127,5,40.0,1,11,320.0,spruce,29,3.679068830944441,9.256782374165198,2160,1.7884208827069512,1.7884208827069512,0,0,0,0,0,none
C19941,08240568,30,44.088,43,5,40.0,1,11,267.22991156083765,spruce,30,3.679068830944441,9.256782374165198,2165,1.2214985951764659,1.2214985951764659,0,0,0,0,0,none
C19941,08240568,30,37.088,43,5,40.0,1,11,218.6177835004295,spruce,31,3.679068830944441,9.256782374165198,2170,0.7295474488732702,0.7295474488732702,0,0,0,0,0,none
C19941,08240568,30,29.088,43,5,40.0,1,11,174.27807837021862,spruce,32,3.679068830944441,9.256782374165198,2175,0.35743459633441566,0.35743459633441566,0,0,0,0,0,none
C19941,08240568,30,21.088,43,5,40.0,1,11,134.72234002350046,spruce,33,3.679068830944441,9.256782374165198,2180,0.12085378875958644,0.12085378875958644,0,0,0,0,0,none
C19941,08240568,30,12.088000000000001,43,5,40.0,1,11,100.66467709446123,spruce,34,3.679068830944441,9.256782374165198,2185,-0.024458489060122292,-0.024458489060122292,0,0,0,0,0,none
C19941,08240568,30,3.088000000000001,43,5,40.0,1,11,72.09580670386751,spruce,35,3.679068830944441,9.256782374165198,2190,-0.08764003295093589,-0.08764003295093589,0,0,0,0,0,clear cut
C19941,08240568,30,11.088000000000001,43,5,40.0,1,11,64.94016954034103,spruce,36,3.679068830944441,9.256782374165198,2195,-0.02333344608069498,-0.02333344608069498,0,0,0,0,0,none
C19941,08240568,30,17.088,43,5,40.0,1,11,58.27899666421471,spruce,37,3.679068830944441,9.256782374165198,2200,0.02154651843124652,0.02154651843124652,0,0,0,0,0,none
C19941,08240568,30,21.088,43,5,40.0,1,11,51.76468948017167,spruce,38,3.679068830944441,9.256782374165198,2205,0.04643594259534823,0.04643594259534823,0,0,0,0,0,none
C19941,08240568,30,21.088,43,5,40.0,1,11,44.68852667894452,spruce,39,3.679068830944441,9.256782374165198,2210,0.04008821226154632,0.04008821226154632,0,0,0,0,0,none
C19941,08240568,30,20.088,43,5,40.0,1,11,37.69522315896893,spruce,40,3.679068830944441,9.256782374165198,2215,0.02872836441150432,0.02872836441150432,0,0,0,0,0,none
C19941,37419152,30,50.089,41.93294740918284,5,40.0,1,11,320.0,spruce,29,3.2302154097202385,6.84881282269621,2160,1.791021765934406,1.791021765934406,0,0,0,0,0,none
C19941,37419152,30,44.089,43,5,40.0,1,11,267.532052686149,spruce,30,3.2302154097202385,6.84881282269621,2165,1.2229287643192384,1.2229287643192384,0,0,0,0,0,none
C19941,37419152,30,37.089,43,5,40.0,1,11,219.07593634901733,spruce,31,3.2302154097202385,6.84881282269621,2170,0.7311133783033542,0.7311133783033542,0,0,0,0,0,none
C19941,37419152,30,29.089,43,5,40.0,1,11,174.775102192659,spruce,32,3.2302154097202385,6.84881282269621,2175,0.35848061815167137,0.35848061815167137,0,0,0,0,0,none
C19941,37419152,30,21.089,43,5,40.0,1,11,135.1720148622446,spruce,33,3.2302154097202385,6.84881282269621,2180,0.12127555268943438,0.12127555268943438,0,0,0,0,0,none
C19941,37419152,30,12.088999999999999,43,5,40.0,1,11,101.029062137384,spruce,34,3.2302154097202385,6.84881282269621,2185,-0.02453516576221758,-0.02453516576221758,0,0,0,0,0,none
C19941,37419152,30,3.0889999999999986,43,5,40.0,1,11,72.36413786481151,spruce,35,3.2302154097202385,6.84881282269621,2190,-0.08795907013767462,-0.08795907013767462,0,0,0,0,0,clear cut
C19941,37419152,30,11.088999999999999,43,5,40.0,1,11,65.18085452214527,spruce,36,3.2302154097202385,6.84881282269621,2195,-0.023412410182022808,-0.023412410182022808,0,0,0,0,0,none
C19941,37419152,30,17.089,43,5,40.0,1,11,58.493798127980185,spruce,37,3.2302154097202385,6.84881282269621,2200,0.02163340328197582,0.02163340328197582,0,0,0,0,0,none
C19941,37419152,30,21.089,43,5,40.0,1,11,51.95474737976059,spruce,38,3.2302154097202385,6.84881282269621,2205,0.046613499915213,0.046613499915213,0,0,0,0,0,none
C19941,37419152,30,21.089,43,5,40.0,1,11,44.85318497720345,spruce,39,3.2302154097202385,6.84881282269621,2210,0.04024201905649878,0.04024201905649878,0,0,0,0,0,none
C19941,37419152,30,20.089,43,5,40.0,1,11,37.834892196640816,spruce,40,3.2302154097202385,6.84881282269621,2215,0.02883987551658223,0.02883987551658223,0,0,0,0,0,none
C19941,96073392,30,50.09,41.874092813353855,5,40.0,1,11,320.0,spruce,29,16.006644915528035,8.532783165362872,2160,1.7890906144401089,1.7890906144401089,0,0,0,0,0,none
C19941,96073392,30,44.09,43,5,40.0,1,11,267.8321902141295,spruce,30,16.006644915528035,8.532783165362872,2165,1.2243498857936086,1.2243498857936086,0,0,0,0,0,none
C19941,96073392,30,37.09,43,5,40.0,1,11,219.53217560463747,spruce,31,16.006644915528035,8.532783165362872,2170,0.7326730765946163,0.7326730765946163,0,0,0,0,0,none
C19941,96073392,30,29.090000000000003,43,5,40.0,1,11,175.2710412315001,spruce,32,16.006644915528035,8.532783165362872,2175,0.35952456676508177,0.35952456676508177,0,0,0,0,0,none
C19941,96073392,30,21.090000000000003,43,5,40.0,1,11,135.62131300914362,spruce,33,16.006644915528035,8.532783165362872,2180,0.12169710116755691,0.12169710116755691,0,0,0,0,0,none
C19941,96073392,30,13.090000000000003,43,5,40.0,1,11,101.39343160392158,spruce,34,16.006644915528035,8.532783165362872,2185,-0.012605998808218305,-0.012605998808218305,0,0,0,0,0,none
C19941,96073392,30,4.090000000000003,43,5,40.0,1,11,73.02634152832465,spruce,35,16.006644915528035,8.532783165362872,2190,-0.08146812806020266,-0.08146812806020266,0,0,0,0,0,clear cut
C19941,96073392,30,12.090000000000003,43,5,40.0,1,11,65.90438227687532,spruce,36,16.006644915528035,8.532783165362872,2195,-0.01599731213766987,-0.01599731213766987,0,0,0,0,0,none
C19941,96073392,30,18.090000000000003,43,5,40.0,1,11,59.25786282888028,spruce,37,16.006644915528035,8.532783165362872,2200,0.029552440923570317,0.029552440923570317,0,0,0,0,0,none
C19941,96073392,30,22.090000000000003,43,5,40.0,1,11,52.74290486426319,spruce,38,16.006644915528035,8.532783165362872,2205,0.0545539401694538,0.0545539401694538,0,0,0,0,0,none
C19941,96073392,30,23.090000000000003,43,5,40.0,1,11,45.64929053255564,spruce,39,16.006644915528035,8.532783165362872,2210,0.05356535470799619,0.05356535470799619,0,0,0,0,0,none
C19941,96073392,30,22.090000000000003,43,5,40.0,1,11,38.72832572573965,spruce,40,16.006644915528035,8.532783165362872,2215,0.040058141847561936,0.040058141847561936,0,0,0,0,0,none
C19941,92856335,30,50.091,41.88893581256587,5,40.0,1,11,320.0,spruce,30,11.31324225087855,9.37331675322504,2165,1.789653939891409,1.789653939891409,0,0,0,0,0,none
C19941,92856335,30,44.091,43,5,40.0,1,11,267.1913565186672,spruce,31,11.31324225087855,9.37331675322504,2170,1.2214694533518382,1.2214694533518382,0,0,0,0,0,none
C19941,92856335,30,37.091,43,5,40.0,1,11,218.5196134184589,spruce,32,11.31324225087855,9.37331675322504,2175,0.7293306605881233,0.7293306605881233,0,0,0,0,0,none
C19941,92856335,30,29.091,43,5,40.0,1,11,174.41899620624437,spruce,33,11.31324225087855,9.37331675322504,2180,0.357803410323556,0.357803410323556,0,0,0,0,0,none
C19941,92856335,30,21.091,43,5,40.0,1,11,135.09607981200608,spruce,34,11.31324225087855,9.37331675322504,2185,0.12124416318502027,0.12124416318502027,0,0,0,0,0,none
C19941,92856335,30,13.091000000000001,43,5,40.0,1,11,101.28753649494284,spruce,35,11.31324225087855,9.37331675322504,2190,-0.012580735147408179,-0.012580735147408179,0,0,0,0,0,clear cut
C19941,92856335,30,22.091,43,5,40.0,1,11,92.86232870177815,spruce,36,11.31324225087855,9.37331675322504,2195,0.09606376514533106,0.09606376514533106,0,0,0,0,0,none
C19941,92856335,30,29.091,43,5,40.0,1,11,84.9717550298003,spruce,37,11.31324225087855,9.37331675322504,2200,0.17431119540952766,0.17431119540952766,0,0,0,0,0,none
C19941,92856335,30,33.091,43,5,40.0,1,11,77.19069115330673,spruce,38,11.31324225087855,9.37331675322504,2205,0.20671414284275133,0.20671414284275133,0,0,0,0,0,none
C19941,92856335,30,34.091,43,5,40.0,1,11,68.48332892190435,spruce,39,11.31324225087855,9.37331675322504,2210,0.19447725277612027,0.19447725277612027,0,0,0,0,0,none
C19941,92856335,30,33.091,43,5,40.0,1,11,59.74249613072609,spruce,40,11.31324225087855,9.37331675322504,2215,0.15998844801664136,0.15998844801664136,0,0,0,0,0,none
C19941,27275510,30,50.092,41.89207945267149,5,40.0,1,11,320.0,spruce,30,16.99939777031931,15.022420807438747,2165,1.7898212165536127,1.7898212165536127,0,0,0,0,0,none
C19941,27275510,30,44.092,43,5,40.0,1,11,267.49378164400525,spruce,31,16.99939777031931,15.022420807438747,2170,1.2229010817729276,1.2229010817729276,0,0,0,0,0,none
C19941,27275510,30,37.092,43,5,40.0,1,11,218.9781969812579,spruce,32,16.99939777031931,15.022420807438747,2175,0.7308982447407647,0.7308982447407647,0,0,0,0,0,none
C19941,27275510,30,29.092,43,5,40.0,1,11,174.91607651068588,spruce,33,16.99939777031931,15.022420807438747,2180,0.35884979798760835,0.35884979798760835,0,0,0,0,0,none
C19941,27275510,30,21.092,43,5,40.0,1,11,135.54627034156826,spruce,34,16.99939777031931,15.022420807438747,2185,0.12166662508822143,0.12166662508822143,0,0,0,0,0,none
C19941,27275510,30,13.091999999999999,43,5,40.0,1,11,101.6518238075215,spruce,35,16.99939777031931,15.022420807438747,2190,-0.012613840891363672,-0.012613840891363672,0,0,0,0,0,clear cut
C19941,27275510,30,21.092,43,5,40.0,1,11,93.19121811690943,spruce,36,16.99939777031931,15.022420807438747,2195,0.08364863870892919,0.08364863870892919,0,0,0,0,0,none
C19941,27275510,30,28.092,43,5,40.0,1,11,85.13215322652805,spruce,37,16.99939777031931,15.022420807438747,2200,0.1617576546394953,0.1617576546394953,0,0,0,0,0,none
C19941,27275510,30,32.092,43,5,40.0,1,11,77.20470118470118,spruce,38,16.99939777031931,15.022420807438747,2205,0.19443113663553654,0.19443113663553654,0,0,0,0,0,none
C19941,27275510,30,33.092,43,5,40.0,1,11,68.35745640060831,spruce,39,16.99939777031931,15.022420807438747,2210,0.18307001968275874,0.18307001968275874,0,0,0,0,0,none
C19941,27275510,30,32.092,43,5,40.0,1,11,59.49870454996157,spruce,40,16.99939777031931,15.022420807438747,2215,0.1498406259784007,0.1498406259784007,0,0,0,0,0,none
C19941,89170003,30,50.093,41.861630329265736,5,40.0,1,11,320.0,spruce,30,1.294799668830977,19.826930174636182,2165,1.7888511106549516,1.7888511106549516,0,0,0,0,0,none
C19941,89170003,30,44.093,43,5,40.0,1,11,267.794200844419,spruce,31,1.294799668830977,19.826930174636182,2170,1.224323650889002,1.224323650889002,0,0,0,0,0,none
C19941,89170003,30,37.093,43,5,40.0,1,11,219.43486594806703,spruce,32,1.294799668830977,19.826930174636182,2175,0.7324595935872247,0.7324595935872247,0,0,0,0,0,none
C19941,89170003,30,29.093000000000004,43,5,40.0,1,11,175.41206778726726,spruce,33,1.294799668830977,19.826930174636182,2180,0.3598941032672012,0.3598941032672012,0,0,0,0,0,none
C19941,89170003,30,21.093000000000004,43,5,40.0,1,11,135.99607654183276,spruce,34,1.294799668830977,19.826930174636182,2185,0.12208886467619479,0.12208886467619479,0,0,0,0,0,none
C19941,89170003,30,13.093000000000004,43,5,40.0,1,11,102.01607331959602,spruce,35,1.294799668830977,19.826930174636182,2190,-0.012646854714525984,-0.012646854714525984,0,0,0,0,0,clear cut
C19941,89170003,30,21.093000000000004,43,5,40.0,1,11,93.52077298302723,spruce,36,1.294799668830977,19.826930174636182,2195,0.08395716470265806,0.08395716470265806,0,0,0,0,0,none
C19941,89170003,30,28.093000000000004,43,5,40.0,1,11,85.42874769616868,spruce,37,1.294799668830977,19.826930174636182,2200,0.16233405930680259,0.16233405930680259,0,0,0,0,0,none
C19941,89170003,30,32.093,43,5,40.0,1,11,77.4716562848942,spruce,38,1.294799668830977,19.826930174636182,2205,0.19511572788083928,0.19511572788083928,0,0,0,0,0,none
C19941,89170003,30,33.093,43,5,40.0,1,11,68.59484620360512,spruce,39,1.294799668830977,19.826930174636182,2210,0.1837168084863934,0.1837168084863934,0,0,0,0,0,none
C19941,89170003,30,32.093,43,5,40.0,1,11,59.708009635626546,spruce,40,1.294799668830977,19.826930174636182,2215,0.15037721302265494,0.15037721302265494,0,0,0,0,0,none
C19941,60684275,30,50.094,41.83488963474797,5,40.0,1,11,320.0,spruce,31,10.513388887019588,0.5698169898313443,2170,1.788006294453485,1.788006294453485,0,0,0,0,0,none
C19941,60684275,30,44.094,43,5,40.0,1,11,267.1176815695241,spruce,32,10.513388887019588,0.5698169898313443,2175,1.2212797035090406,1.2212797035090406,0,0,0,0,0,none
C19941,60684275,30,37.094,43,5,40.0,1,11,218.70546511529966,spruce,33,10.513388887019588,0.5698169898313443,2180,0.7300618714028012,0.7300618714028012,0,0,0,0,0,none
C19941,60684275,30,29.094,43,5,40.0,1,11,174.8719850403967,spruce,34,10.513388887019588,0.5698169898313443,2185,0.3588126822358829,0.3588126822358829,0,0,0,0,0,none
C19941,60684275,30,21.094,43,5,40.0,1,11,135.8543405316024,spruce,35,10.513388887019588,0.5698169898313443,2190,0.12198009643267443,0.12198009643267443,0,0,0,0,0,clear cut
C19941,60684275,30,30.094,43,5,40.0,1,11,126.0089908171477,spruce,36,10.513388887019588,0.5698169898313443,2195,0.27790109611288855,0.27790109611288855,0,0,0,0,0,none
C19941,60684275,30,37.094,44,5,40.0,1,11,116.63799495994459,spruce,37,10.513388887019588,0.5698169898313443,2200,0.3941425968326993,0.3941425968326993,0,0,0,0,0,none
C19941,60684275,30,42.094,45,5,40.0,1,11,107.25916863501554,spruce,38,10.513388887019588,0.5698169898313443,2205,0.46521954683309613,0.46521954683309613,0,0,0,0,0,none
C19941,60684275,30,43.094,46,5,40.0,1,11,96.76216226510489,spruce,39,10.513388887019588,0.5698169898313443,2210,0.44462176816136234,0.44462176816136234,0,0,0,0,0,none
C19941,60684275,30,43.094,46,5,40.0,1,11,86.02438157046,spruce,40,10.513388887019588,0.5698169898313443,2215,0.3952817066453571,0.3952817066453571,0,0,0,0,0,none
C19941,64497009,30,50.095,41.845548456290366,5,40.0,1,11,320.0,spruce,31,4.584100545841315,8.677667524234012,2170,1.7884280790857114,1.7884280790857114,0,0,0,0,0,none
C19941,64497009,30,44.095,43,5,40.0,1,11,267.4206249332601,spruce,32,4.584100545841315,8.677667524234012,2175,1.2227138560776007,1.2227138560776007,0,0,0,0,0,none
C19941,64497009,30,37.095,43,5,40.0,1,11,219.16350076994485,spruce,33,4.584100545841315,8.677667524234012,2180,0.7316278918255816,0.7316278918255816,0,0,0,0,0,none
C19941,64497009,30,29.095,43,5,40.0,1,11,175.36860545072867,spruce,34,4.584100545841315,8.677667524234012,2185,0.3598584237952657,0.3598584237952657,0,0,0,0,0,none
C19941,64497009,30,21.095,43,5,40.0,1,11,136.30506300503822,spruce,35,4.584100545841315,8.677667524234012,2190,0.12240332362662788,0.12240332362662788,0,0,0,0,0,clear cut
C19941,64497009,30,30.095,43,5,40.0,1,11,126.41531866256486,spruce,36,4.584100545841315,8.677667524234012,2195,0.27881675588196375,0.27881675588196375,0,0,0,0,0,none
C19941,64497009,30,37.095,44,5,40.0,1,11,117.00449680984147,spruce,37,4.584100545841315,8.677667524234012,2200,0.3954013929577043,0.3954013929577043,0,0,0,0,0,none
C19941,64497009,30,42.095,45,5,40.0,1,11,107.59016365091722,spruce,38,4.584100545841315,8.677667524234012,2205,0.4666755239087664,0.4666755239087664,0,0,0,0,0,none
C19941,64497009,30,43.095,46,5,40.0,1,11,97.06330808124363,spruce,39,4.584100545841315,8.677667524234012,2210,0.44602456864993373,0.44602456864993373,0,0,0,0,0,none
C19941,64497009,30,43.095,46,5,40.0,1,11,86.29689237443338,spruce,40,4.584100545841315,8.677667524234012,2215,0.3965508177912005,0.3965508177912005,0,0,0,0,0,none
C19941,92614713,30,50.096,41.930001769842136,5,40.0,1,11,320.0,spruce,31,19.589667083596126,7.287561407364609,2170,1.79134853497591,1.79134853497591,0,0,0,0,0,none
C19941,92614713,30,44.096,43,5,40.0,1,11,267.721558276289,spruce,32,19.589667083596126,7.287561407364609,2175,1.2241389297029142,1.2241389297029142,0,0,0,0,0,none
C19941,92614713,30,37.096,43,5,40.0,1,11,219.6196199486278,spruce,33,19.589667083596126,7.287561407364609,2180,0.7331876695158448,0.7331876695158448,0,0,0,0,0,none
C19941,92614713,30,30.095999999999997,43,5,40.0,1,11,175.8641280174793,spruce,34,19.589667083596126,7.287561407364609,2185,0.3879063302658718,0.3879063302658718,0,0,0,0,0,none
C19941,92614713,30,22.095999999999997,43,5,40.0,1,11,137.30324876354769,spruce,35,19.589667083596126,7.287561407364609,2190,0.1421315613445869,0.1421315613445869,0,0,0,0,0,clear cut
C19941,92614713,30,31.095999999999997,44,5,40.0,1,11,127.50005415438342,spruce,36,19.589667083596126,7.287561407364609,2195,0.3029207683206846,0.3029207683206846,0,0,0,0,0,none
C19941,92614713,30,38.096,45,5,40.0,1,11,118.15618551274649,spruce,37,19.589667083596126,7.287561407364609,2200,0.42522558563557855,0.42522558563557855,0,0,0,0,0,none
C19941,92614713,30,43.096,46,5,40.0,1,11,108.7958343293895,spruce,38,19.589667083596126,7.287561407364609,2205,0.4999591211536226,0.4999591211536226,0,0,0,0,0,none
C19941,92614713,30,45.096,47,5,40.0,1,11,98.31829368469366,spruce,39,19.589667083596126,7.287561407364609,2210,0.498343496056705,0.498343496056705,0,0,0,0,0,none
C19941,92614713,30,45.096,48,5,40.0,1,11,87.7460858267213,spruce,40,19.589667083596126,7.287561407364609,2215,0.45140143158054574,0.45140143158054574,0,0,0,0,0,none
C19941,48638750,30,50.097,41.871099101098295,5,40.0,1,11,320.0,spruce,32,17.49805102424762,9.036724988417413,2175,1.7894150351807965,1.7894150351807965,0,0,0,0,0,none
C19941,48638750,30,44.097,43,5,40.0,1,11,267.38940381684466,spruce,33,17.49805102424762,9.036724988417413,2180,1.2226692464923874,1.2226692464923874,0,0,0,0,0,none
C19941,48638750,30,37.097,43,5,40.0,1,11,219.26068204535696,spruce,34,17.49805102424762,9.036724988417413,2185,0.7320264421563679,0.7320264421563679,0,0,0,0,0,none
C19941,48638750,30,30.097,43,5,40.0,1,11,175.78821062152957,spruce,35,17.49805102424762,9.036724988417413,2190,0.38776605247754525,0.38776605247754525,0,0,0,0,0,clear cut
C19941,48638750,30,39.097,44,5,40.0,1,11,164.82875686286513,spruce,36,17.49805102424762,9.036724988417413,2195,0.6150095017219643,0.6150095017219643,0,0,0,0,0,none
C19941,48638750,30,47.097,45,5,40.0,1,11,154.23457343023628,spruce,37,17.49805102424762,9.036724988417413,2200,0.8190123660473551,0.8190123660473551,0,0,0,0,0,none
C19941,48638750,30,53.097,46,5,40.0,1,11,143.64753477457248,spruce,38,17.49805102424762,9.036724988417413,2205,0.9577605469278462,0.9577605469278462,0,0,0,0,0,none
C19941,48638750,30,57.097,47,5,40.0,1,11,131.79017718172204,spruce,39,17.49805102424762,9.036724988417413,2210,1.014615400974662,1.014615400974662,0,0,0,0,0,none
C19941,48638750,30,60.097,48,5,40.0,1,11,119.97085647501517,spruce,40,17.49805102424762,9.036724988417413,2215,1.0274656041946104,1.0274656041946104,0,0,0,0,0,none
C19941,96465966,30,50.098,41.851075357529204,5,40.0,1,11,320.0,spruce,32,9.896861683651272,10.570669803551302,2175,1.7887976476718672,1.7887976476718672,0,0,0,0,0,none
C19941,96465966,30,44.098,43,5,40.0,1,11,267.6905631030888,spruce,33,9.896861683651272,10.570669803551302,2180,1.2240954591406423,1.2240954591406423,0,0,0,0,0,none
C19941,96465966,30,37.098,43,5,40.0,1,11,219.71651273320364,spruce,34,9.896861683651272,10.570669803551302,2185,0.7335854281904101,0.7335854281904101,0,0,0,0,0,none
C19941,96465966,30,30.098,43,5,40.0,1,11,176.27455457148793,spruce,35,9.896861683651272,10.570669803551302,2190,0.3888661142941192,0.3888661142941192,0,0,0,0,0,clear cut
C19941,96465966,30,39.098,44,5,40.0,1,11,165.2618315618165,spruce,36,9.896861683651272,10.570669803551302,2195,0.6166547844794927,0.6166547844794927,0,0,0,0,0,none
C19941,96465966,30,46.098,45,5,40.0,1,11,154.61828911704876,spruce,37,9.896861683651272,10.570669803551302,2200,0.7903457265007917,0.7903457265007917,0,0,0,0,0,none
C19941,96465966,30,51.098,46,5,40.0,1,11,143.82035844829468,spruce,38,9.896861683651272,10.570669803551302,2205,0.8968051275457465,0.8968051275457465,0,0,0,0,0,none
C19941,96465966,30,55.098,47,5,40.0,1,11,131.57411555185809,spruce,39,9.896861683651272,10.570669803551302,2210,0.952340255392484,0.952340255392484,0,0,0,0,0,none
C19941,96465966,30,58.098,48,5,40.0,1,11,119.41606241673824,spruce,40,9.896861683651272,10.570669803551302,2215,0.9647131173212026,0.9647131173212026,0,0,0,0,0,none
C19941,52489267,30,50.099,41.90052929895599,5,40.0,1,11,320.0,spruce,32,2.844425061455733,14.537875066891253,2175,1.7905333845548665,1.7905333845548665,0,0,0,0,0,none
C19941,52489267,30,44.099,43,5,40.0,1,11,267.98972564900384,spruce,33,2.844425061455733,14.537875066891253,2180,1.2255126518194452,1.2255126518194452,0,0,0,0,0,none
C19941,52489267,30,37.099,43,5,40.0,1,11,220.17043101652564,spruce,34,2.844425061455733,14.537875066891253,2185,0.7351381833755979,0.7351381833755979,0,0,0,0,0,none
C19941,52489267,30,30.098999999999997,43,5,40.0,1,11,176.75977353918373,spruce,35,2.844425061455733,14.537875066891253,2190,0.3899638449289526,0.3899638449289526,0,0,0,0,0,clear cut
C19941,52489267,30,39.099,44,5,40.0,1,11,165.69362408734193,spruce,36,2.844425061455733,14.537875066891253,2195,0.6182954371346778,0.6182954371346778,0,0,0,0,0,none
C19941,52489267,30,46.099,45,5,40.0,1,11,155.00409195805614,spruce,37,2.844425061455733,14.537875066891253,2200,0.7923484378906462,0.7923484378906462,0,0,0,0,0,none
C19941,52489267,30,51.099,46,5,40.0,1,11,144.16794950626021,spruce,38,2.844425061455733,14.537875066891253,2205,0.8990033897666946,0.8990033897666946,0,0,0,0,0,none
C19941,52489267,30,55.099,47,5,40.0,1,11,131.88579864451737,spruce,39,2.844425061455733,14.537875066891253,2210,0.9546263289951832,0.9546263289951832,0,0,0,0,0,none
C19941,52489267,30,58.099,48,5,40.0,1,11,119.69815202619183,spruce,40,2.844425061455733,14.537875066891253,2215,0.967020810662176,0.967020810662176,0,0,0,0,0,none
C19941,39058105,30,50.1,41.867700570867314,5,40.0,1,11,320.0,spruce,33,2.8721399574841855,1.664052728717511,2180,1.789482403874893,1.789482403874893,0,0,0,0,0,none
C19941,39058105,30,44.1,43,5,40.0,1,11,267.7572775265901,spruce,34,2.8721399574841855,1.664052728717511,2185,1.224498810364929,1.224498810364929,0,0,0,0,0,none
C19941,39058105,30,37.1,43,5,40.0,1,11,220.07356792069987,spruce,35,2.8721399574841855,1.664052728717511,2190,0.73485196758511,0.73485196758511,0,0,0,0,0,clear cut
C19941,39058105,30,47.1,45,5,40.0,1,11,207.79806551966092,spruce,36,2.8721399574841855,1.664052728717511,2195,1.1035684032959043,1.1035684032959043,0,0,0,0,0,none
C19941,39058105,30,55.1,47,5,40.0,1,11,196.0013005685043,spruce,37,2.8721399574841855,1.664052728717511,2200,1.4187570059112806,1.4187570059112806,0,0,0,0,0,none
C19941,39058105,30,62.1,49,5,40.0,1,11,184.08875039478417,spruce,38,2.8721399574841855,1.664052728717511,2205,1.6989254493583927,1.6989254493583927,0,0,0,0,0,none
C19941,39058105,30,68.1,51,5,40.0,1,11,170.79759264161444,spruce,39,2.8721399574841855,1.664052728717511,2210,1.9155994333237993,1.9155994333237993,0,0,0,0,0,none
C19941,39058105,30,74.1,53,5,40.0,1,11,157.7598719058654,spruce,40,2.8721399574841855,1.664052728717511,2215,2.120393251106194,2.120393251106194,0,0,0,0,0,none
C19941,89883777,30,50.101,41.880387564870986,5,40.0,1,11,320.0,spruce,33,3.833514778197802,15.35554384294548,2180,1.7899729667338629,1.7899729667338629,0,0,0,0,0,none
C19941,89883777,30,44.101,43,5,40.0,1,11,268.05601378611016,spruce,34,3.833514778197802,15.35554384294548,2185,1.225914176644738,1.225914176644738,0,0,0,0,0,none
C19941,89883777,30,37.101,43,5,40.0,1,11,220.5261674613329,spruce,35,3.833514778197802,15.35554384294548,2190,0.7364005338582139,0.7364005338582139,0,0,0,0,0,clear cut
C19941,89883777,30,47.101,45,5,40.0,1,11,208.18113793902754,spruce,36,3.833514778197802,15.35554384294548,2195,1.105644422689121,1.105644422689121,0,0,0,0,0,none
C19941,89883777,30,55.101,47,5,40.0,1,11,196.32660717478828,spruce,37,3.833514778197802,15.35554384294548,2200,1.4211565414244134,1.4211565414244134,0,0,0,0,0,none
C19941,89883777,30,62.101,49,5,40.0,1,11,184.3632937882955,spruce,38,3.833514778197802,15.35554384294548,2205,1.7015063309055678,1.7015063309055678,0,0,0,0,0,none
C19941,89883777,30,68.101,51,5,40.0,1,11,171.0279430365072,spruce,39,3.833514778197802,15.35554384294548,2210,1.9182312633476615,1.9182312633476615,0,0,0,0,0,none
C19941,89883777,30,74.101,53,5,40.0,1,11,157.95118510247437,spruce,40,3.833514778197802,15.35554384294548,2215,2.123013646764814,2.123013646764814,0,0,0,0,0,none
C19941,98674657,30,50.102,41.89855057992435,5,40.0,1,11,320.0,spruce,33,0.33431178154012864,7.973181198447574,2180,1.7906490017831624,1.7906490017831624,0,0,0,0,0,none
C19941,98674657,30,44.102,43,5,40.0,1,11,268.3527714130521,spruce,34,0.33431178154012864,7.973181198447574,2185,1.227320603787255,1.227320603787255,0,0,0,0,0,none
C19941,98674657,30,37.102,43,5,40.0,1,11,220.97686043646763,spruce,35,0.33431178154012864,7.973181198447574,2190,0.7379428867265087,0.7379428867265087,0,0,0,0,0,clear cut
C19941,98674657,30,46.102,45,5,40.0,1,11,208.56201369012155,spruce,36,0.33431178154012864,7.973181198447574,2195,1.0662490121708446,1.0662490121708446,0,0,0,0,0,none
C19941,98674657,30,54.102,47,5,40.0,1,11,196.45698092395153,spruce,37,0.33431178154012864,7.973181198447574,2200,1.3775355761470873,1.3775355761470873,0,0,0,0,0,none
C19941,98674657,30,61.102,49,5,40.0,1,11,184.26726105494117,spruce,38,0.33431178154012864,7.973181198447574,2205,1.6537433075115149,1.6537433075115149,0,0,0,0,0,none
C19941,98674657,30,67.102,51,5,40.0,1,11,170.71420861678567,spruce,39,0.33431178154012864,7.973181198447574,2210,1.866748379036652,1.866748379036652,0,0,0,0,0,none
C19941,98674657,30,72.102,53,5,40.0,1,11,157.44951267266003,spruce,40,0.33431178154012864,7.973181198447574,2215,2.0193832126088065,2.0193832126088065,0,0,0,0,0,none
C19941,91227096,30,50.103,41.8709515015265,5,40.0,1,11,320.0,spruce,34,8.93270091647381,17.540687785407037,2185,1.7897750073966023,1.7897750073966023,0,0,0,0,0,none
C19941,91227096,30,44.103,43,5,40.0,1,11,268.32137955600416,spruce,35,8.93270091647381,17.540687785407037,2190,1.2272262772668885,1.2272262772668885,0,0,0,0,0,clear cut
C19941,91227096,30,54.103,46,5,40.0,1,11,254.84614174559306,spruce,36,8.93270091647381,17.540687785407037,2195,1.755406102525998,1.755406102525998,0,0,0,0,0,none
C19941,91227096,30,64.10300000000001,49,5,40.0,1,11,241.77994165832004,spruce,37,8.93270091647381,17.540687785407037,2200,2.356382078232121,2.356382078232121,0,0,0,0,0,none
C19941,91227096,30,74.10300000000001,52,5,40.0,1,11,228.8711836521739,spruce,38,8.93270091647381,17.540687785407037,2205,3.020756880864188,3.020756880864188,0,0,0,0,0,none
C19941,91227096,30,83.10300000000001,55,5,40.0,1,11,214.9264882831692,spruce,39,8.93270091647381,17.540687785407037,2210,3.6425767031502962,3.6425767031502962,0,0,0,0,0,none
C19941,91227096,30,92.10300000000001,58,5,40.0,1,11,201.59213496529892,spruce,40,8.93270091647381,17.540687785407037,2215,4.293584125045034,4.293584125045034,0,0,0,0,0,none
C19941,71934055,30,50.104,41.90550434300145,5,40.0,1,11,320.0,spruce,34,6.567227801751803,10.95128540961907,2185,1.7910062834466778,1.7910062834466778,0,0,0,0,0,none
C19941,71934055,30,44.104,43,5,40.0,1,11,268.6163907642836,spruce,35,6.567227801751803,10.95128540961907,2190,1.2286248752028366,1.2286248752028366,0,0,0,0,0,clear cut
C19941,71934055,30,54.104,46,5,40.0,1,11,255.05694269450916,spruce,36,6.567227801751803,10.95128540961907,2195,1.756914351724668,1.756914351724668,0,0,0,0,0,none
C19941,71934055,30,64.104,49,5,40.0,1,11,241.90564633835635,spruce,37,6.567227801751803,10.95128540961907,2200,2.3576702199102266,2.3576702199102266,0,0,0,0,0,none
C19941,71934055,30,74.104,52,5,40.0,1,11,228.9122892546972,spruce,38,6.567227801751803,10.95128540961907,2205,3.0213689492731417,3.0213689492731417,0,0,0,0,0,none
C19941,71934055,30,83.104,55,5,40.0,1,11,214.89303193292915,spruce,39,6.567227801751803,10.95128540961907,2210,3.6420843589361915,3.6420843589361915,0,0,0,0,0,none
C19941,71934055,30,92.104,58,5,40.0,1,11,201.492472308602,spruce,40,6.567227801751803,10.95128540961907,2215,4.291540877540945,4.291540877540945,0,0,0,0,0,none
C19941,03344308,30,50.105,41.90318639701381,5,40.0,1,11,320.0,spruce,34,2.855865656060008,1.8820054899927885,2185,1.790988658456957,1.790988658456957,0,0,0,0,0,none
C19941,03344308,30,44.105,43,5,40.0,1,11,268.9094512828718,spruce,35,2.855865656060008,1.8820054899927885,2190,1.2300146593627144,1.2300146593627144,0,0,0,0,0,clear cut
C19941,03344308,30,54.105,46,5,40.0,1,11,255.2653864586276,spruce,36,2.855865656060008,1.8820054899927885,2195,1.7584064568680882,1.7584064568680882,0,0,0,0,0,none
C19941,03344308,30,64.10499999999999,49,5,40.0,1,11,242.02862345945792,spruce,37,2.855865656060008,1.8820054899927885,2200,2.358931843509369,2.358931843509369,0,0,0,0,0,none
C19941,03344308,30,73.10499999999999,52,5,40.0,1,11,228.95037677667585,spruce,38,2.855865656060008,1.8820054899927885,2205,2.952678853629271,2.952678853629271,0,0,0,0,0,none
C19941,03344308,30,82.10499999999999,55,5,40.0,1,11,214.6529342708189,spruce,39,2.855865656060008,1.8820054899927885,2210,3.563781555528433,3.563781555528433,0,0,0,0,0,none
C19941,03344308,30,91.10499999999999,58,5,40.0,1,11,201.01225970727148,spruce,40,2.855865656060008,1.8820054899927885,2215,4.202455965310445,4.202455965310445,0,0,0,0,0,none
C19941,75110732,30,50.106,41.90503608597319,5,40.0,1,11,320.0,spruce,35,6.5193441461797175,15.489545320301591,2190,1.791112199361429,1.791112199361429,0,0,0,0,0,clear cut
C19941,75110732,30,60.106,45,5,40.0,1,11,305.18821058127446,spruce,36,6.5193441461797175,15.489545320301591,2195,2.4699348107838577,2.4699348107838577,0,0,0,0,0,none
C19941,75110732,30,70.106,49,5,40.0,1,11,290.6890344101408,spruce,37,6.5193441461797175,15.489545320301591,2200,3.3000287725956263,3.3000287725956263,0,0,0,0,0,none
C19941,75110732,30,80.106,53,5,40.0,1,11,276.2485181060032,spruce,38,6.5193441461797175,15.489545320301591,2205,4.240605913718532,4.240605913718532,0,0,0,0,0,none
C19941,75110732,30,90.106,57,5,40.0,1,11,260.55006191878584,spruce,39,6.5193441461797175,15.489545320301591,2210,5.252594501879458,5.252594501879458,0,0,0,0,0,none
C19941,75110732,30,99.106,61,5,40.0,1,11,245.62666500192705,spruce,40,6.5193441461797175,15.489545320301591,2215,6.241827389680274,6.241827389680274,0,0,0,0,0,none
C19941,95031650,30,50.107,41.88588946372941,5,40.0,1,11,320.0,spruce,35,15.034154418385338,15.252641908902213,2190,1.7905244519079468,1.7905244519079468,0,0,0,0,0,clear cut
C19941,95031650,30,60.107,45,5,40.0,1,11,305.08588261544224,spruce,36,15.034154418385338,15.252641908902213,2195,2.469176213156098,2.469176213156098,0,0,0,0,0,none
C19941,95031650,30,70.107,49,5,40.0,1,11,290.48248722547805,spruce,37,15.034154418385338,15.252641908902213,2200,3.29776374818108,3.29776374818108,0,0,0,0,0,none
C19941,95031650,30,80.107,53,5,40.0,1,11,275.9379067347411,spruce,38,15.034154418385338,15.252641908902213,2205,4.235927680265084,4.235927680265084,0,0,0,0,0,none
C19941,95031650,30,90.107,57,5,40.0,1,11,260.1342468663339,spruce,39,15.034154418385338,15.252641908902213,2210,5.244310928593614,5.244310928593614,0,0,0,0,0,none
C19941,95031650,30,99.107,61,5,40.0,1,11,245.13359168766942,spruce,40,15.034154418385338,15.252641908902213,2215,6.229404774409469,6.229404774409469,0,0,0,0,0,none
C19941,57928221,30,50.108,41.89327163162248,5,40.0,1,11,320.0,spruce,35,0.8295015915299775,6.43657599940489,2190,1.7908354202731145,1.7908354202731145,0,0,0,0,0,clear cut
C19941,57928221,30,60.108,45,5,40.0,1,11,304.9830088929787,spruce,36,0.8295015915299775,6.43657599940489,2195,2.4684131523866246,2.4684131523866246,0,0,0,0,0,none
C19941,57928221,30,70.108,49,5,40.0,1,11,290.27493189211265,spruce,37,0.8295015915299775,6.43657599940489,2200,3.295487165484023,3.295487165484023,0,0,0,0,0,none
C19941,57928221,30,79.108,53,5,40.0,1,11,275.6259715568446,spruce,38,0.8295015915299775,6.43657599940489,2205,4.1418144588908055,4.1418144588908055,0,0,0,0,0,none
C19941,57928221,30,88.108,57,5,40.0,1,11,259.49214321061817,spruce,39,0.8295015915299775,6.43657599940489,2210,5.035159887221512,5.035159887221512,0,0,0,0,0,none
C19941,57928221,30,97.108,60,5,40.0,1,11,244.0166338550004,spruce,40,0.8295015915299775,6.43657599940489,2215,5.888136531954638,5.888136531954638,0,0,0,0,0,none
C19941,32113904,30,50.109,41.88571886104683,5,40.0,1,11,626.6666666666666,spruce,36,17.46136296894199,13.124030954881977,2195,3.506670759702997,3.506670759702997,0,0,0,0,0,none
C19941,32113904,30,58.109,44,5,40.0,1,11,591.0759456402247,spruce,37,17.46136296894199,13.124030954881977,2200,4.430001458464417,4.430001458464417,0,0,0,0,0,none
C19941,32113904,30,65.10900000000001,46,5,40.0,1,11,555.1140726427093,spruce,38,17.46136296894199,13.124030954881977,2205,5.244946666466158,5.244946666466158,0,0,0,0,0,none
C19941,32113904,30,71.10900000000001,48,5,40.0,1,11,515.111084535531,spruce,39,17.46136296894199,13.124030954881977,2210,5.874939044363575,5.874939044363575,0,0,0,0,0,none
C19941,32113904,30,76.10900000000001,50,5,40.0,1,11,475.95158398880426,spruce,40,17.46136296894199,13.124030954881977,2215,6.3302049363421204,6.3302049363421204,0,0,0,0,0,none
C19941,55374190,30,50.11,41.901368889676114,5,40.0,1,11,626.6666666666666,spruce,36,17.27658291002904,1.632479654301362,2195,3.507828378502785,3.507828378502785,0,0,0,0,0,none
C19941,55374190,30,58.11,44,5,40.0,1,11,590.7319827413202,spruce,37,17.27658291002904,1.632479654301362,2200,4.4275523385579545,4.4275523385579545,0,0,0,0,0,none
C19941,55374190,30,65.11,46,5,40.0,1,11,554.4986796536693,spruce,38,17.27658291002904,1.632479654301362,2205,5.239267918554633,5.239267918554633,0,0,0,0,0,none
C19941,55374190,30,71.11,48,5,40.0,1,11,514.3145246583373,spruce,39,17.27658291002904,1.632479654301362,2210,5.8659933457943145,5.8659933457943145,0,0,0,0,0,none
C19941,55374190,30,76.11,50,5,40.0,1,11,475.0828053701181,spruce,40,17.27658291002904,1.632479654301362,2215,6.318790450510141,6.318790450510141,0,0,0,0,0,none
C19941,89890721,30,50.111,41.89224787985875,5,40.0,1,11,626.6666666666666,spruce,36,15.457712043342354,16.828443135916867,2195,3.5073423842068485,3.5073423842068485,0,0,0,0,0,none
C19941,89890721,30,58.111,44,5,40.0,1,11,590.3858551865936,spruce,37,15.457712043342354,16.828443135916867,2200,4.425086845262713,4.425086845262713,0,0,0,0,0,none
C19941,89890721,30,65.11099999999999,46,5,40.0,1,11,553.8805721796372,spruce,38,15.457712043342354,16.828443135916867,2205,5.233563221674117,5.233563221674117,0,0,0,0,0,none
C19941,89890721,30,71.11099999999999,48,5,40.0,1,11,513.5160609887703,spruce,39,15.457712043342354,16.828443135916867,2210,5.857025503035048,5.857025503035048,0,0,0,0,0,none
C19941,89890721,30,76.11099999999999,50,5,40.0,1,11,474.2131498734886,spruce,40,15.457712043342354,16.828443135916867,2215,6.307363789387013,6.307363789387013,0,0,0,0,0,none
C19941,98663135,30,50.112,41.86264459339203,5,40.0,1,11,546.6666666666666,spruce,37,5.0687808499956155,12.009779105490887,2200,3.0579866523899177,3.0579866523899177,0,0,0,0,0,none
C19941,98663135,30,55.112,44,5,40.0,1,11,508.1125041689724,spruce,38,5.0687808499956155,12.009779105490887,2205,3.4809651488446733,3.4809651488446733,0,0,0,0,0,none
C19941,98663135,30,59.112,46,5,40.0,1,11,464.9044267831316,spruce,39,5.0687808499956155,12.009779105490887,2210,3.728595765092003,3.728595765092003,0,0,0,0,0,none
C19941,98663135,30,62.112,48,5,40.0,1,11,422.4153994491272,spruce,40,5.0687808499956155,12.009779105490887,2215,3.8284419721737315,3.8284419721737315,0,0,0,0,0,none
C19941,36247342,30,50.113,41.82881502334864,5,40.0,1,11,546.6666666666666,spruce,37,4.965814579941972,5.901571504989917,2200,3.056131470041891,3.056131470041891,0,0,0,0,0,none
C19941,36247342,30,55.113,44,5,40.0,1,11,507.9650372219194,spruce,38,4.965814579941972,5.901571504989917,2205,3.4800624345491973,3.4800624345491973,0,0,0,0,0,none
C19941,36247342,30,59.113,46,5,40.0,1,11,464.69248025518715,spruce,39,4.965814579941972,5.901571504989917,2210,3.727003519348756,3.727003519348756,0,0,0,0,0,none
C19941,36247342,30,62.113,48,5,40.0,1,11,422.21863763819124,spruce,40,4.965814579941972,5.901571504989917,2215,3.826764202333765,3.826764202333765,0,0,0,0,0,none
C19941,90455872,30,50.114,41.864380053868196,5,40.0,1,11,546.6666666666666,spruce,37,1.288605111592136,17.93970139015165,2200,3.058294958833438,3.058294958833438,0,0,0,0,0,none
C19941,90455872,30,55.114,44,5,40.0,1,11,507.8174393184774,spruce,38,1.288605111592136,17.93970139015165,2205,3.47915876167437,3.47915876167437,0,0,0,0,0,none
C19941,90455872,30,59.114,46,5,40.0,1,11,464.4806158323989,spruce,39,1.288605111592136,17.93970139015165,2210,3.7254118350175376,3.7254118350175376,0,0,0,0,0,none
C19941,90455872,30,62.114,48,5,40.0,1,11,422.0219734561382,spruce,40,1.288605111592136,17.93970139015165,2215,3.825087219994596,3.825087219994596,0,0,0,0,0,none
C19941,13896931,30,50.115,41.920312142572655,5,40.0,1,11,493.33333333333337,spruce,38,4.788924738093607,2.6283132107492113,2205,2.762940889822962,2.762940889822962,0,0,0,0,0,none
C19941,13896931,30,52.115,43,5,40.0,1,11,447.8379640285004,spruce,39,4.788924738093607,2.6283132107492113,2210,2.736515353125049,2.736515353125049,0,0,0,0,0,none
C19941,13896931,30,54.115,44,5,40.0,1,11,402.4096473601876,spruce,40,4.788924738093607,2.6283132107492113,2215,2.672297371055788,2.672297371055788,0,0,0,0,0,none
C19941,00169690,30,50.116,41.894871636059754,5,40.0,1,11,493.33333333333337,spruce,38,12.043673077854216,19.27134174376684,2205,2.761705641865096,2.761705641865096,0,0,0,0,0,none
C19941,00169690,30,52.116,43,5,40.0,1,11,447.86132792986564,spruce,39,12.043673077854216,19.27134174376684,2210,2.7367477309928674,2.7367477309928674,0,0,0,0,0,none
C19941,00169690,30,54.116,44,5,40.0,1,11,402.468719953078,spruce,40,12.043673077854216,19.27134174376684,2215,2.6727740207939794,2.6727740207939794,0,0,0,0,0,none
C19941,62136981,30,50.117,41.92705454711195,5,40.0,1,11,493.33333333333337,spruce,38,11.979705779468395,12.314085744078975,2205,2.7634809691918485,2.7634809691918485,0,0,0,0,0,none
C19941,62136981,30,52.117,43,5,40.0,1,11,447.8846204717854,spruce,39,11.979705779468395,12.314085744078975,2210,2.736979683065368,2.736979683065368,0,0,0,0,0,none
C19941,62136981,30,54.117,44,5,40.0,1,11,402.52759913026404,spruce,40,11.979705779468395,12.314085744078975,2215,2.673249411644286,2.673249411644286,0,0,0,0,0,none
C19941,28595577,1,50.081,41.84164093643828,5,40.0,1,11,1500,spruce,38,3.851120419101368,15.058518299598845,2205,8.37864805567236,8.37864805567236,0,0,0,0,0,none
C19941,28595577,1,52.081,43,5,40.0,1,11,1361.8040127710394,spruce,39,3.851120419101368,15.058518299598845,2210,8.312045131922584,8.312045131922584,0,0,0,0,0,none
C19941,28595577,1,53.081,44,5,40.0,1,11,1223.9334808843528,spruce,40,3.851120419101368,15.058518299598845,2215,7.863927959595245,7.863927959595245,0,0,0,0,0,none
C19941,26423576,30,50.186,41.934787155327875,5,40.0,1,11,200,spruce,38,17.103805678082708,12.093441046983756,2205,1.1231230878430967,1.1231230878430967,0,0,0,0,0,none
C19941,26423576,30,51.186,43,5,40.0,1,11,181.6309463414474,spruce,39,17.103805678082708,12.093441046983756,2210,1.0762563899696445,1.0762563899696445,0,0,0,0,0,none
C19941,26423576,30,51.186,44,5,40.0,1,11,163.09299235812784,spruce,40,17.103805678082708,12.093441046983756,2215,0.98440419314689,0.98440419314689,0,0,0,0,0,none
C19941,39498510,30,50.12,41.88705352637026,5,40.0,1,11,426.66666666666663,spruce,39,6.105765986948666,7.4330915344836495,2210,2.388473490904761,2.388473490904761,0,0,0,0,0,none
C19941,39498510,30,50.12,43,5,40.0,1,11,382.46247824105836,spruce,40,6.105765986948666,7.4330915344836495,2215,2.1859405372617986,2.1859405372617986,0,0,0,0,0,none
C19941,86209785,30,50.121,41.92823176634691,5,40.0,1,11,426.66666666666663,spruce,39,13.916922678646529,1.4389444032800225,2210,2.39041577147769,2.39041577147769,0,0,0,0,0,none
C19941,86209785,30,50.121,43,5,40.0,1,11,382.5694652123734,spruce,40,13.916922678646529,1.4389444032800225,2215,2.186626985791421,2.186626985791421,0,0,0,0,0,none
C19941,03833906,30,50.122,41.87444179925782,5,40.0,1,11,426.66666666666663,spruce,39,1.601219545424346,9.633925660423541,2210,2.3880656645118523,2.3880656645118523,0,0,0,0,0,none
C19941,03833906,30,50.122,43,5,40.0,1,11,382.67597073849515,spruce,40,1.601219545424346,9.633925660423541,2215,2.187310725184996,2.187310725184996,0,0,0,0,0,none
C19941,57190593,30,50.123,41.9265688167176,5,40.0,1,11,400.0,spruce,40,6.411293079903205,16.309538580112523,2215,2.2410966688822054,2.2410966688822054,0,0,0,0,0,none
C19941,29954030,30,50.124,41.876026899459575,5,40.0,1,11,400.0,spruce,40,8.553301993939284,1.9888112583117845,2215,2.2390308717131493,2.2390308717131493,0,0,0,0,0,none
C19941,52463348,30,50.125,41.920608697623464,5,40.0,1,11,400.0,spruce,40,3.8769553501901433,16.414929972458765,2215,2.2409964447348227,2.2409964447348227,0,0,0,0,0,none
